Date,Open,High,Low,Close,Adj Close,Volume
2019-11-07,36.82857131958008,39.74285888671875,36.05714416503906,36.1542854309082,34.22774887084961,4270
2019-11-08,36.0,36.61571502685547,35.35714340209961,36.61571502685547,34.66458511352539,4620
2019-11-11,35.71428680419922,36.52857208251953,35.71428680419922,36.32428741455078,34.388694763183594,2380
2019-11-12,36.81428527832031,37.22857284545898,36.31428527832031,36.58571243286133,34.63618469238281,3080
2019-11-13,35.75714111328125,36.25714111328125,35.75714111328125,36.06856918334961,34.146602630615234,210
2019-11-14,36.24285888671875,36.25428771972656,35.400001525878906,36.21857070922852,34.288604736328125,280
2019-11-15,37.14285659790039,37.35714340209961,37.14285659790039,37.310001373291016,35.321876525878906,350
2019-11-18,36.59999847412109,36.78571319580078,36.47142791748047,36.71571350097656,34.75925827026367,2730
2019-11-19,36.32857131958008,36.59999847412109,35.871429443359375,36.55571365356445,34.60778045654297,210
2019-11-20,35.97142791748047,36.38571548461914,35.74285888671875,35.74285888671875,33.83824157714844,140
2019-11-21,35.42856979370117,35.82857131958008,35.42856979370117,35.68428421020508,33.78278350830078,1400
2019-11-22,36.014286041259766,36.17428588867188,36.014286041259766,36.17428588867188,34.246681213378906,280
2019-11-25,37.67142868041992,37.99571228027344,37.67142868041992,37.99571228027344,35.971046447753906,70
2019-11-26,38.0,38.0,37.60285568237305,37.6585693359375,35.6518669128418,1260
2019-11-27,37.871429443359375,38.35714340209961,37.82857131958008,38.31285858154297,36.27129364013672,2590
2019-11-29,37.871429443359375,37.91428756713867,37.50285720825195,37.50285720825195,35.50445556640625,350
2019-12-02,28.687143325805664,37.31428527832031,28.687143325805664,36.20428466796875,34.27507400512695,350
2019-12-03,34.728572845458984,34.728572845458984,33.40714263916016,34.49571228027344,32.657562255859375,3850
2019-12-04,35.65714263916016,36.20000076293945,35.65714263916016,35.88571548461914,33.973487854003906,1960
2019-12-05,36.21857070922852,36.21857070922852,35.71428680419922,35.82857131958008,33.91938781738281,770
2019-12-06,37.58571243286133,37.70000076293945,37.48571395874024,37.67428588867188,35.666744232177734,1120
2019-12-09,37.52857208251953,37.59999847412109,37.24285888671875,37.31428527832031,35.32593536376953,770
2019-12-10,37.34285736083984,37.72857284545898,37.05714416503906,37.12285614013672,35.14470672607422,840
2019-12-11,37.71428680419922,38.07857131958008,37.71428680419922,38.07857131958008,36.04948806762695,140
2019-12-12,39.57285690307617,40.854286193847656,39.57285690307617,40.854286193847656,38.67729949951172,1470
2019-12-13,40.84285736083984,41.61428451538086,39.97142791748047,40.13571548461914,37.99701690673828,5950
2019-12-16,42.5,42.5,41.31428527832031,41.32143020629883,39.11954879760742,1400
2019-12-17,41.57143020629883,41.68857192993164,41.47142791748047,41.68857192993164,39.46712875366211,1120
2019-12-18,41.81428527832031,42.42856979370117,41.81428527832031,42.18285751342773,39.93507766723633,1260
2019-12-19,42.38999938964844,42.82143020629883,42.38999938964844,42.82143020629883,40.53961563110352,910
2019-12-20,43.85714340209961,51.57143020629883,43.08571243286133,43.33000183105469,41.021087646484375,7490
2019-12-23,45.41428756713867,49.72857284545898,43.604286193847656,44.25571441650391,41.8974723815918,6860
2019-12-24,45.0,45.0,44.13571548461914,44.20428466796875,41.92863845825195,3360
2019-12-26,44.84285736083984,44.871429443359375,44.41428756713867,44.42856979370117,42.141380310058594,5320
2019-12-27,46.74285888671875,46.74285888671875,43.81428527832031,43.94571304321289,41.68338394165039,4480
2019-12-30,43.22142791748047,43.84285736083984,43.014286041259766,43.12428665161133,40.90424346923828,6160
2019-12-31,43.25714111328125,43.825714111328125,42.85714340209961,43.825714111328125,41.56956481933594,4690
2020-01-02,44.871429443359375,45.540000915527344,44.48571395874024,45.540000915527344,43.19559097290039,4130
2020-01-03,45.371429443359375,45.371429443359375,43.88571548461914,43.96857070922852,41.70506286621094,5880
2020-01-06,42.14285659790039,44.09857177734375,42.14285659790039,44.09857177734375,41.82837677001953,7700
2020-01-07,44.24285888671875,45.308570861816406,44.24285888671875,45.144287109375,42.82025146484375,1820
2020-01-08,45.21428680419922,46.07143020629883,44.48571395874024,45.43000030517578,43.09126281738281,10290
2020-01-09,46.78571319580078,49.17856979370117,45.2928581237793,46.05428695678711,43.68340301513672,13580
2020-01-10,46.02857208251953,46.02857208251953,44.97142791748047,45.20000076293945,42.87309646606445,3640
2020-01-13,47.4571418762207,47.81428527832031,45.42856979370117,46.25857162475586,43.87717056274414,5180
2020-01-14,46.25714111328125,47.014286041259766,46.014286041259766,46.46714401245117,44.075008392333984,11410
2020-01-15,46.11428451538086,46.24285888671875,45.764286041259766,45.764286041259766,43.408329010009766,980
2020-01-16,47.04428482055664,47.43428421020508,47.0428581237793,47.43428421020508,44.99235153198242,5320
2020-01-17,47.76856994628906,49.38571548461914,47.26714324951172,47.81571578979492,45.35416030883789,5740
2020-01-21,47.08571243286133,47.34285736083984,46.65714263916016,46.98285675048828,44.56417465209961,5530
2020-01-22,46.97142791748047,47.18571472167969,46.04571533203125,46.04571533203125,43.67527389526367,6160
2020-01-23,45.4571418762207,46.66285705566406,44.58571243286133,46.66285705566406,44.26064300537109,6720
2020-01-24,46.88571548461914,46.88571548461914,43.85714340209961,44.36285781860352,42.07905197143555,4410
2020-01-27,42.14285659790039,43.39285659790039,39.04428482055664,40.2985725402832,38.2239990234375,4620
2020-01-28,42.58571243286133,42.58571243286133,40.58571243286133,42.0914306640625,39.92455291748047,5180
2020-01-29,44.0,44.0,41.12857055664063,41.12857055664063,39.011268615722656,15960
2020-01-30,41.11428451538086,41.19285583496094,37.05714416503906,41.19285583496094,39.07223129272461,6090
2020-01-31,41.05714416503906,41.05714416503906,38.12857055664063,38.21428680419922,36.247013092041016,12320
2020-02-03,40.09999847412109,40.09999847412109,38.85714340209961,39.11571502685547,37.10203170776367,10500
2020-02-04,41.35714340209961,42.5,41.35714340209961,42.29999923706055,40.12239456176758,10570
2020-02-05,44.15714263916016,45.88571548461914,43.44285583496094,44.42856979370117,42.141380310058594,11900
2020-02-06,45.05714416503906,45.05714416503906,44.17142868041992,44.522857666015625,42.23081588745117,9310
2020-02-07,46.72857284545898,46.72857284545898,42.45000076293945,42.45857238769531,40.27280426025391,6300
2020-02-10,42.25714111328125,43.02857208251953,42.05714416503906,42.99142837524414,40.77821731567383,5880
2020-02-11,44.07143020629883,45.65714263916016,44.07143020629883,44.52714157104492,42.2348747253418,10080
2020-02-12,46.41428756713867,46.41428756713867,45.771427154541016,46.271427154541016,43.88936996459961,10010
2020-02-13,45.14285659790039,46.87285614013672,43.514286041259766,45.6971435546875,43.34464645385742,4620
2020-02-14,46.0,46.0,44.48571395874024,45.05142974853516,42.73217391967773,9870
2020-02-18,43.47857284545898,44.6014289855957,43.47857284545898,44.6014289855957,42.30533218383789,2730
2020-02-19,45.85714340209961,46.11428451538086,44.24285888671875,46.0957145690918,43.72270202636719,17220
2020-02-20,46.35714340209961,46.900001525878906,43.70857238769531,45.87571334838867,43.5140266418457,4970
2020-02-21,44.59999847412109,44.59999847412109,42.75714111328125,42.97857284545898,40.76603317260742,4200
2020-02-24,37.33571243286133,38.78285598754883,35.79999923706055,36.869998931884766,34.971923828125,13090
2020-02-25,39.09999847412109,39.09999847412109,32.20000076293945,32.33571243286133,30.671072006225582,26950
2020-02-26,33.371429443359375,33.81428527832031,30.981428146362305,30.981428146362305,29.3864974975586,13230
2020-02-27,28.39999961853028,32.24714279174805,26.51142883300781,28.17142868041992,26.72115898132324,27580
2020-02-28,24.257143020629883,27.63142967224121,23.571428298950195,27.42142868041992,26.00976753234864,42070
2020-03-02,31.200000762939453,31.200000762939453,26.5285701751709,29.89285659790039,28.353965759277344,26740
2020-03-03,30.67142868041992,32.14285659790039,26.354286193847656,27.1299991607666,25.73334503173828,20860
2020-03-04,31.11428642272949,31.11428642272949,27.209999084472656,30.0,28.45559501647949,15050
2020-03-05,27.08571434020996,27.08571434020996,24.39999961853028,25.58571434020996,24.26855659484864,38080
2020-03-06,23.41428565979004,24.21285629272461,20.814285278320312,22.21428680419922,21.07069206237793,38570
2020-03-09,20.0,20.17142868041992,14.949999809265137,17.685714721679688,16.775251388549805,70280
2020-03-10,19.457143783569336,19.507143020629883,14.071429252624512,16.071428298950195,15.244068145751951,62090
2020-03-11,14.885713577270508,18.9714298248291,12.442856788635254,12.785714149475098,12.127503395080566,70700
2020-03-12,11.428570747375488,13.071429252624512,8.511428833007812,8.585714340209961,8.143719673156738,119070
2020-03-13,10.714285850524902,12.285714149475098,8.657142639160156,10.428570747375488,9.89170742034912,163310
2020-03-16,9.385713577270508,10.35714340209961,7.440000057220459,8.285714149475098,7.859165191650391,122150
2020-03-17,8.728570938110352,8.728570938110352,6.285714149475098,7.628571033477783,7.235850811004639,76090
2020-03-18,6.428571224212647,7.285714149475098,6.428571224212647,6.45714282989502,6.124728679656982,66570
2020-03-19,6.5714287757873535,7.478570938110352,6.428571224212647,6.5714287757873535,6.23313045501709,79170
2020-03-20,7.228570938110352,7.4285712242126465,6.175714015960693,6.8428568840026855,6.490586757659912,89320
2020-03-23,7.528571128845215,7.558570861816406,6.0,6.528571128845215,6.192479133605957,186900
2020-03-24,7.17142915725708,7.214285850524902,6.285714149475098,6.585713863372803,6.306014537811279,197750
2020-03-25,6.928571224212647,8.442856788635254,5.642857074737549,7.085713863372803,6.784780025482178,230090
2020-03-26,7.114285945892334,8.557143211364746,7.114285945892334,8.100000381469727,7.755989074707031,159460
2020-03-27,7.285714149475098,7.4571428298950195,6.757143020629883,7.0714287757873535,6.771101474761963,116620
2020-03-30,7.0,7.842856884002685,6.271429061889648,7.057143211364746,6.757422924041748,119070
2020-03-31,7.342856884002685,7.54285717010498,6.742856979370117,6.915713787078857,6.621999263763428,29610
2020-04-01,6.428571224212647,6.428571224212647,5.400000095367432,5.67142915725708,5.430560111999512,160370
2020-04-02,6.614285945892334,6.728570938110352,5.5714287757873535,5.84428596496582,5.596076488494873,152950
2020-04-03,6.17142915725708,6.17142915725708,5.428571224212647,5.557143211364746,5.321127891540527,69510
2020-04-06,7.028571128845215,7.285714149475098,6.3428568840026855,7.1571431159973145,6.853175163269043,402780
2020-04-07,9.214285850524902,10.399999618530272,7.514286041259766,7.557143211364746,7.23618745803833,557830
2020-04-08,8.214285850524902,8.699999809265137,7.685713768005371,8.699999809265137,8.330506324768066,320390
2020-04-09,9.285714149475098,9.971428871154783,8.571429252624512,9.071429252624512,8.68616008758545,424410
2020-04-13,9.314286231994627,9.35714340209961,8.0,8.597143173217773,8.23201847076416,158410
2020-04-14,9.428570747375488,9.471428871154783,8.787142753601074,9.182856559753418,8.792855262756348,186480
2020-04-15,8.428570747375488,8.428570747375488,7.728570938110352,8.04285717010498,7.701272487640381,147560
2020-04-16,8.271429061889648,8.271429061889648,7.514286041259766,7.871428966522217,7.537125110626221,130550
2020-04-17,8.785714149475098,9.814286231994627,8.214285850524902,8.828571319580078,8.45361614227295,202510
2020-04-20,8.342857360839844,8.914285659790039,7.9571428298950195,8.242856979370117,7.892779350280762,132720
2020-04-21,7.985713958740234,7.985713958740234,7.295713901519775,7.4571428298950195,7.1404337882995605,165480
2020-04-22,8.114286422729492,8.185713768005371,7.757143020629883,8.014286041259766,7.673913955688477,111720
2020-04-23,8.194143295288086,8.692999839782715,8.194143295288086,8.225713729858398,7.876362800598144,165200
2020-04-24,8.5,8.854286193847656,8.291428565979004,8.729429244995117,8.358685493469238,121100
2020-04-27,8.771429061889648,9.645570755004885,8.771429061889648,9.578143119812012,9.17135524749756,354900
2020-04-28,10.602856636047363,10.602856636047363,9.682856559753418,10.032856941223145,9.606756210327148,215600
2020-04-29,11.20285701751709,12.071429252624512,10.913286209106444,11.785714149475098,11.28516960144043,483700
2020-04-30,12.140000343322754,12.14285659790039,10.449999809265137,10.631428718566896,10.179905891418455,495600
2020-05-01,9.6899995803833,9.778571128845217,8.768570899963379,9.039999961853027,8.65606689453125,321300
2020-05-04,8.625714302062988,9.449286460876465,8.371429443359375,9.15571403503418,8.766864776611328,375900
2020-05-05,10.09428596496582,10.0977144241333,9.241429328918455,9.31700038909912,8.92130184173584,349300
2020-05-06,9.5600004196167,9.7378568649292,9.075714111328123,9.117142677307127,8.729931831359863,86100
2020-05-07,9.614286422729492,10.099286079406738,9.614286422729492,9.65999984741211,9.249733924865724,315000
2020-05-08,10.191429138183594,10.800000190734863,10.191429138183594,10.800000190734863,10.341318130493164,263200
2020-05-11,10.550000190734863,10.91428565979004,10.044285774230955,10.391857147216797,9.950510025024414,389200
2020-05-12,10.572856903076172,10.572856903076172,9.467857360839844,9.471285820007324,9.069035530090332,153300
2020-05-13,9.285714149475098,9.312856674194336,8.188570976257324,8.43942928314209,8.081001281738281,415100
2020-05-14,8.167142868041992,8.945713996887207,7.558570861816406,8.945713996887207,8.56578540802002,511700
2020-05-15,8.571429252624512,9.03857135772705,8.417142868041992,8.85714340209961,8.480977058410645,230300
2020-05-18,10.24571418762207,11.554286003112791,10.24571418762207,11.342857360839844,10.861119270324709,572600
2020-05-19,11.0,11.352856636047363,10.32357120513916,10.444286346435549,10.000712394714355,387100
2020-05-20,11.467143058776855,11.579999923706056,11.06999969482422,11.285714149475098,10.806402206420898,312900
2020-05-21,11.424285888671877,11.783571243286133,11.002857208251951,11.378570556640623,10.89531707763672,354200
2020-05-22,11.26857089996338,11.274999618530272,10.648571014404297,11.243857383728027,10.766324043273926,286300
2020-05-26,13.14285659790039,13.897143363952637,12.978570938110352,13.460000038146973,12.888348579406738,942900
2020-05-27,15.329999923706056,15.40999984741211,13.56057071685791,15.28857135772705,14.639256477355955,584500
2020-05-28,15.41428565979004,15.41428565979004,13.50428581237793,13.720000267028809,13.137303352355955,854000
2020-05-29,13.118571281433104,13.402856826782228,12.337142944335938,12.84571361541748,12.30014991760254,541100
2020-06-01,13.14285659790039,14.077142715454102,12.694570541381836,13.915714263916016,13.324706077575684,383600
2020-06-02,14.46142864227295,14.928570747375488,14.29714298248291,14.828571319580078,14.198793411254885,353500
2020-06-03,16.18428611755371,17.790428161621094,15.769000053405762,17.14285659790039,16.4147891998291,856100
2020-06-04,17.14285659790039,18.751428604125977,16.43000030517578,18.67571449279785,17.882545471191406,933800
2020-06-05,22.547143936157227,23.656570434570312,21.895713806152344,22.27142906188965,21.325551986694336,1099000
2020-06-08,24.95142936706543,26.00285720825196,23.87285614013672,25.98285675048828,24.87934875488281,1120000
2020-06-09,23.71428680419922,23.71571350097656,21.461429595947266,22.652856826782227,21.69077682495117,1106700
2020-06-10,22.391429901123047,22.391429901123047,18.83942985534668,18.86285781860352,18.061744689941406,1184400
2020-06-11,14.148571014404297,15.897143363952637,12.85714340209961,13.14142894744873,12.583304405212402,1749300
2020-06-12,15.274286270141602,15.591428756713867,13.34571361541748,14.944286346435549,14.309593200683594,1519700
2020-06-15,13.092857360839844,15.821429252624512,12.45714282989502,15.41428565979004,14.759632110595703,1425900
2020-06-16,18.337142944335938,18.337142944335938,15.458571434020996,16.794286727905273,16.081024169921875,1399300
2020-06-17,16.780000686645508,16.780000686645508,15.26857089996338,15.327142715454102,14.676192283630373,579600
2020-06-18,14.89142894744873,16.03571319580078,14.543429374694824,15.404000282287598,14.749784469604492,574000
2020-06-19,16.567142486572266,16.567142486572266,14.23900032043457,14.612285614013672,13.991695404052734,770000
2020-06-22,14.329999923706056,14.728570938110352,13.828571319580078,14.53428554534912,13.917006492614746,417200
2020-06-23,15.241429328918455,15.402856826782228,14.662857055664062,14.815713882446287,14.186484336853027,424900
2020-06-24,14.261428833007812,14.261428833007812,11.90571403503418,12.342857360839844,11.818649291992188,1199800
2020-06-25,12.09000015258789,13.10857105255127,11.725713729858398,13.10857105255127,12.551841735839844,777000
2020-06-26,12.752857208251951,12.817856788635254,11.479999542236328,11.718570709228516,11.220876693725586,899500
2020-06-29,11.84428596496582,12.817143440246582,11.567143440246582,12.78857135772705,12.245433807373049,801500
2020-06-30,12.467143058776855,13.571429252624512,12.396286010742188,13.39142894744873,12.822687149047852,802900
2020-07-01,13.48285675048828,14.071429252624512,12.535714149475098,12.561429023742676,12.027938842773438,639100
2020-07-02,13.372857093811035,14.027142524719238,12.776429176330566,12.838570594787598,12.293309211730955,746900
2020-07-06,13.571429252624512,14.092286109924316,13.0,13.491429328918455,12.918442726135254,732200
2020-07-07,13.088570594787598,13.088570594787598,12.130000114440918,12.208571434020996,11.69006633758545,598500
2020-07-08,12.260000228881836,12.728570938110352,11.884285926818848,12.597143173217772,12.062135696411133,453600
2020-07-09,12.64285659790039,12.64285659790039,10.988571166992188,11.289713859558104,10.810233116149902,889000
2020-07-10,11.2311429977417,12.45714282989502,11.170429229736328,12.45714282989502,11.92807960510254,823200
2020-07-13,12.762857437133787,13.291428565979004,12.081428527832031,12.285714149475098,11.763935089111328,742700
2020-07-14,12.075714111328123,12.825714111328123,11.687143325805664,12.791428565979004,12.248170852661133,439600
2020-07-15,13.881285667419434,14.64142894744873,13.524286270141602,14.531429290771484,13.914271354675291,647500
2020-07-16,13.874285697937012,14.666000366210938,13.614286422729492,14.229999542236328,13.625643730163574,412300
2020-07-17,14.21142864227295,14.45728588104248,13.742856979370115,13.822856903076172,13.23579216003418,252700
2020-07-20,13.575714111328123,13.598713874816896,13.14285659790039,13.329999923706056,12.763867378234863,308700
2020-07-21,13.714285850524902,14.714285850524902,13.714285850524902,14.46142864227295,13.847243309020996,436100
2020-07-22,14.072856903076172,14.59000015258789,13.849286079406738,14.460000038146973,13.84587574005127,140000
2020-07-23,14.235713958740234,14.929286003112791,14.13014316558838,14.520000457763672,13.903327941894531,360500
2020-07-24,14.20142936706543,14.60714340209961,13.971428871154783,14.029999732971191,13.434138298034668,169400
2020-07-27,14.035714149475098,14.057143211364746,13.54857063293457,14.028571128845217,13.43277072906494,173600
2020-07-28,13.697142601013184,14.091428756713867,13.621429443359377,13.628570556640623,13.049757957458496,196000
2020-07-29,13.828571319580078,14.907142639160156,13.828571319580078,14.907142639160156,14.274027824401855,340900
2020-07-30,14.04285717010498,14.197142601013184,13.369999885559082,14.092857360839844,13.4943265914917,352800
2020-07-31,14.03428554534912,14.03428554534912,13.187713623046877,13.80142879486084,13.215275764465332,480200
2020-08-03,13.76857089996338,14.19857120513916,13.477999687194824,13.942856788635254,13.350696563720703,271600
2020-08-04,14.0,14.264286041259766,13.90999984741211,14.19857120513916,13.59554958343506,294000
2020-08-05,14.575714111328123,15.157142639160156,14.575714111328123,15.152856826782228,14.50930881500244,269500
2020-08-06,14.825714111328123,15.214285850524902,14.681428909301758,14.859999656677246,14.228887557983398,184100
2020-08-07,14.59571361541748,15.589285850524902,14.508570671081545,15.587142944335938,14.92514991760254,366800
2020-08-10,15.855713844299316,17.082857131958008,15.855713844299316,17.082857131958008,16.357337951660156,504700
2020-08-11,18.12285614013672,18.67971420288086,17.20857048034668,17.314714431762695,16.5793514251709,522200
2020-08-12,18.309999465942383,18.309999465942383,16.783000946044922,17.365713119506836,16.628177642822266,397600
2020-08-13,17.018571853637695,17.498571395874023,16.59428596496582,16.823856353759766,16.10934066772461,226800
2020-08-14,16.608570098876953,17.512285232543945,16.544286727905273,17.26714324951172,16.533796310424805,199500
2020-08-17,17.474285125732422,17.474285125732422,16.690000534057617,16.86142921447754,16.145313262939453,252000
2020-08-18,16.71428680419922,16.747142791748047,16.03571319580078,16.046428680419922,15.364927291870115,194600
2020-08-19,15.99571418762207,16.677143096923828,15.928428649902344,15.94857120513916,15.271228790283203,230300
2020-08-20,15.285714149475098,15.648571014404297,15.158571243286133,15.285714149475098,14.636523246765137,249900
2020-08-21,15.158571243286133,15.35714340209961,14.941429138183594,15.062856674194336,14.423128128051758,195300
2020-08-24,15.624285697937012,16.81142807006836,15.329999923706056,16.81142807006836,16.097434997558594,257600
2020-08-25,16.96428680419922,17.355714797973633,16.215713500976562,16.66871452331543,15.960785865783691,443800
2020-08-26,16.682857513427734,16.682857513427734,16.05714225769043,16.05714225769043,15.375187873840332,179900
2020-08-27,16.4689998626709,17.065000534057617,16.4689998626709,16.799999237060547,16.08649444580078,221200
2020-08-28,17.264286041259766,17.739999771118164,16.858570098876953,17.736713409423828,16.983423233032227,280000
2020-08-31,17.9471435546875,17.9471435546875,16.60714340209961,16.645713806152344,15.938759803771973,234500
2020-09-01,16.35714340209961,16.985713958740234,15.928570747375488,16.9471435546875,16.227388381958008,176400
2020-09-02,17.007143020629883,17.860000610351562,16.670000076293945,17.738571166992188,16.98520278930664,323400
2020-09-03,17.70142936706543,18.867143630981445,16.68000030517578,17.054285049438477,16.32998275756836,525700
2020-09-04,17.484285354614258,18.0,16.428571701049805,17.492000579833984,16.74910545349121,406000
2020-09-08,16.571428298950195,16.600000381469727,15.758143424987791,15.85714340209961,15.183683395385742,252000
2020-09-09,16.564285278320312,16.564285278320312,15.598570823669434,16.05714225769043,15.375187873840332,215600
2020-09-10,16.1971435546875,16.760286331176758,15.17971420288086,15.334285736083984,14.683030128479004,400400
2020-09-11,15.79857063293457,15.79857063293457,15.031429290771484,15.508570671081545,14.849913597106934,396200
2020-09-14,15.927143096923828,16.747142791748047,15.79714298248291,16.649999618530273,15.942865371704102,214200
2020-09-15,16.742856979370117,17.01714324951172,16.139999389648438,16.31999969482422,15.626879692077637,210000
2020-09-16,16.35285758972168,17.944286346435547,16.35285758972168,17.277143478393555,16.543378829956055,184800
2020-09-17,16.1299991607666,17.211429595947266,16.09857177734375,17.011428833007812,16.288944244384766,258300
2020-09-18,16.832857131958008,17.04857063293457,15.945713996887209,16.242856979370117,15.55301570892334,138600
2020-09-21,15.065713882446287,15.077142715454102,13.584285736083984,13.98285675048828,13.388996124267578,957600
2020-09-22,14.285714149475098,14.547429084777832,13.571429252624512,13.972143173217772,13.378739356994627,200200
2020-09-23,14.14285659790039,14.614286422729492,12.777142524719238,12.786429405212402,12.24338436126709,564200
2020-09-24,12.477143287658691,13.428570747375488,11.90928554534912,12.81999969482422,12.275527954101562,480200
2020-09-25,12.60714340209961,13.496429443359377,12.54714298248291,13.337142944335938,12.770706176757812,148400
2020-09-28,14.114286422729492,14.78428554534912,14.100000381469728,14.46142864227295,13.847243309020996,393400
2020-09-29,14.23900032043457,14.336999893188477,13.420000076293944,13.841428756713867,13.253576278686523,274400
2020-09-30,14.285714149475098,14.714285850524902,13.812856674194336,14.050000190734863,13.453289031982422,352100
2020-10-01,14.354286193847656,14.46142864227295,13.762857437133787,14.156999588012695,13.555744171142578,266000
2020-10-02,12.998571395874023,14.997142791748049,12.93000030517578,14.795714378356934,14.16733169555664,322000
2020-10-05,15.26857089996338,15.922571182250977,15.26857089996338,15.907142639160156,15.23155689239502,345100
2020-10-06,16.211429595947266,16.8700008392334,15.109999656677246,15.14285659790039,14.499730110168455,246400
2020-10-07,16.0,16.46428680419922,15.938570976257324,16.433713912963867,15.73576545715332,203000
2020-10-08,16.8799991607666,17.46428680419922,16.662857055664062,17.446428298950195,16.705469131469727,177800
2020-10-09,17.78571319580078,18.0,17.00428581237793,17.161571502685547,16.432710647583008,242200
2020-10-12,17.145713806152344,17.43857192993164,17.075714111328125,17.368000030517578,16.63037109375,102200
2020-10-13,16.91857147216797,16.932857513427734,16.12742805480957,16.301429748535156,15.609101295471191,230300
2020-10-14,16.325714111328125,16.85714340209961,16.144285202026367,16.18000030517578,15.492825508117676,119000
2020-10-15,15.575714111328123,16.65999984741211,15.386570930480955,16.65999984741211,15.952437400817873,182700
2020-10-16,16.770000457763672,16.79142951965332,16.24142837524414,16.33142852783203,15.637823104858398,108500
2020-10-19,16.559999465942383,16.89285659790039,15.785714149475098,15.828571319580078,15.156323432922363,146300
2020-10-20,15.997142791748049,16.97128677368164,15.997142791748049,16.450000762939453,15.751360893249512,227500
2020-10-21,16.437143325805664,16.457143783569336,15.98214340209961,15.984286308288574,15.305425643920898,102200
2020-10-22,16.32642936706543,17.59000015258789,16.31785774230957,17.584285736083984,16.837472915649414,163800
2020-10-23,17.61142921447754,18.0,17.319143295288086,17.81142807006836,17.05496597290039,156800
2020-10-26,16.85028648376465,16.85028648376465,15.274286270141602,15.977143287658691,15.298585891723633,693000
2020-10-27,15.872857093811035,15.882857322692873,14.941429138183594,14.947142601013184,14.312329292297363,211400
2020-10-28,13.85857105255127,14.071429252624512,13.24571418762207,13.307143211364746,12.741981506347656,513100
2020-10-29,13.307143211364746,14.497142791748049,12.932856559753418,14.264286041259766,13.658474922180176,271600
2020-10-30,13.899999618530272,14.477143287658691,13.434286117553713,14.477143287658691,13.862292289733888,223300
2020-11-02,14.928570747375488,15.964285850524902,14.575714111328123,15.817143440246582,15.145379066467283,385000
2020-11-03,16.571428298950195,17.0,16.454286575317383,16.825714111328125,16.111114501953125,298200
2020-11-04,16.355714797973633,16.9471435546875,15.256428718566896,15.99571418762207,15.316366195678713,266000
2020-11-05,16.5,17.700000762939453,16.5,17.468570709228516,16.72667121887207,170100
2020-11-06,17.441429138183594,17.62742805480957,16.4714298248291,16.63857078552246,15.93191909790039,100800
2020-11-09,20.71428680419922,23.559999465942383,20.71428680419922,22.47728538513184,21.522661209106445,817600
2020-11-10,22.41428565979004,22.894285202026367,21.87142944335937,22.549999237060547,21.59228706359864,197400
2020-11-11,23.07285690307617,23.07285690307617,21.13257026672364,21.555713653564453,20.64023208618164,158200
2020-11-12,20.51142883300781,21.03428649902344,19.22128677368164,19.799999237060547,18.959083557128903,368200
2020-11-13,20.2214298248291,22.144285202026367,20.2214298248291,22.0242862701416,21.088903427124023,182700
2020-11-16,24.30142974853516,24.78285789489746,23.571428298950195,24.78285789489746,23.730314254760746,343000
2020-11-17,23.954286575317383,25.24285697937012,22.91857147216797,25.20142936706543,24.131113052368164,511700
2020-11-18,25.281429290771484,26.402856826782227,24.347143173217773,24.347143173217773,23.313106536865234,308000
2020-11-19,24.082857131958008,25.350000381469727,23.57999992370605,25.30714225769043,24.23233413696289,347900
2020-11-20,25.0,25.35714340209961,24.46571350097656,24.61571311950684,23.570268630981445,79800
2020-11-23,25.231428146362305,27.76714324951172,25.231428146362305,27.68857192993164,26.51262664794922,262500
2020-11-24,31.14285659790039,31.428571701049805,29.56142807006836,31.428571701049805,30.09378242492676,331800
2020-11-25,30.84428596496582,30.84428596496582,29.25857162475586,30.13999938964844,28.859939575195312,220500
2020-11-27,30.22857093811035,30.404285430908203,29.507143020629883,29.729999542236328,28.46735191345215,91000
2020-11-30,29.39285659790039,29.39285659790039,26.81857109069824,26.90999984741211,25.767120361328125,200200
2020-12-01,28.66142845153809,29.0,28.00285720825196,28.08857154846192,26.89563369750977,170800
2020-12-02,27.49571418762207,29.5771427154541,27.353286743164062,29.40999984741211,28.16094207763672,254100
2020-12-03,29.571428298950195,31.82428550720215,29.571428298950195,31.22857093811035,29.90227508544922,363300
2020-12-04,32.22285842895508,34.31999969482422,32.22285842895508,34.31999969482422,32.8624153137207,588700
2020-12-07,33.67714309692383,33.67714309692383,32.36000061035156,33.18428421020508,31.77491950988769,280700
2020-12-08,32.21428680419922,33.878570556640625,31.75428581237793,33.698570251464844,32.26737976074219,163800
2020-12-09,34.12571334838867,35.092430114746094,32.43714141845703,33.327144622802734,31.91171836853028,259700
2020-12-10,32.71428680419922,34.53285598754883,32.067142486572266,34.45571517944336,32.99236297607422,147000
2020-12-11,33.41999816894531,33.52571487426758,31.9950008392334,32.78685760498047,31.39438247680664,186200
2020-12-14,34.38142776489258,34.55714416503906,30.83142852783203,30.86142921447754,29.55072975158692,297500
2020-12-15,31.40999984741211,33.01285552978516,30.654285430908203,32.97142791748047,31.571117401123047,244300
2020-12-16,32.855712890625,32.855712890625,31.85571479797364,32.45571517944336,31.07730293273925,113400
2020-12-17,32.674285888671875,32.7341423034668,31.748571395874023,32.630001068115234,31.24418830871582,170100
2020-12-18,32.46857070922852,32.56985855102539,30.617143630981445,31.4471435546875,30.11156845092773,155400
2020-12-21,28.88999938964844,31.28571319580078,28.74285697937012,30.76428604125977,29.457706451416016,361900
2020-12-22,30.498571395874023,30.584285736083984,29.57285690307617,29.66428565979004,28.4044246673584,136500
2020-12-23,29.96714210510254,32.30928421020508,29.96714210510254,31.6971435546875,30.350950241088867,191100
2020-12-24,31.792856216430664,31.792856216430664,30.705856323242188,31.48428535461425,30.14713287353516,42700
2020-12-28,32.130001068115234,32.92856979370117,31.5478572845459,31.6728572845459,30.327695846557617,135800
2020-12-29,31.96571350097656,31.96571350097656,30.43857192993164,30.808570861816406,29.5001163482666,111300
2020-12-30,30.80142974853516,32.43257141113281,30.80142974853516,32.42856979370117,31.051313400268555,143500
2020-12-31,32.022857666015625,32.78571319580078,31.43214225769043,32.577144622802734,31.19357681274414,100800
2021-01-04,32.9571418762207,33.24771499633789,30.62714385986328,31.059999465942383,29.740867614746094,319200
2021-01-05,31.194286346435547,34.48857116699219,31.194286346435547,33.57428741455078,32.14836502075195,229600
2021-01-06,34.37714385986328,38.209999084472656,34.37714385986328,37.11857223510742,35.5421257019043,359800
2021-01-07,38.39285659790039,39.93999862670898,38.39285659790039,39.10857009887695,37.44760894775391,163100
2021-01-08,39.59428787231445,39.71428680419922,37.11000061035156,38.48857116699219,36.85393905639648,190400
2021-01-11,36.38714218139648,38.80714416503906,36.38714218139648,38.73428726196289,37.08921813964844,187600
2021-01-12,39.23428726196289,41.65142822265625,39.00714111328125,41.558570861816406,39.793556213378906,163800
2021-01-13,40.8985710144043,41.00571441650391,39.58485794067383,40.22142791748047,38.51319885253906,142100
2021-01-14,41.01856994628906,43.78214263916016,41.01856994628906,42.93571472167969,41.112213134765625,136500
2021-01-15,42.57143020629883,42.57143020629883,38.6587142944336,39.83714294433594,38.14523315429688,241500
2021-01-19,41.26142883300781,41.35643005371094,40.71428680419922,41.105712890625,39.35992431640625,150500
2021-01-20,41.47857284545898,41.977142333984375,40.6318588256836,41.16143035888672,39.41328430175781,105700
2021-01-21,40.99714279174805,40.99714279174805,38.84999847412109,39.35857009887695,37.686988830566406,133000
2021-01-22,37.85714340209961,38.74856948852539,37.26499938964844,38.67714309692383,37.03450393676758,73500
2021-01-25,37.71428680419922,37.731143951416016,35.41428756713867,37.02857208251953,35.4559440612793,245700
2021-01-26,37.880001068115234,38.0,35.166141510009766,35.211429595947266,33.71598434448242,116900
2021-01-27,32.8985710144043,33.81428527832031,31.571428298950195,31.95142936706543,30.59443092346192,277900
2021-01-28,33.19571304321289,35.0,33.19571304321289,34.41143035888672,32.949954986572266,215600
2021-01-29,34.0,34.15142822265625,30.817142486572266,31.34428596496582,30.01307678222656,216300
2021-02-01,32.165714263916016,33.05428695678711,31.163143157958984,32.81285858154297,31.41928100585937,310100
2021-02-02,34.37285614013672,35.37085723876953,34.10714340209961,34.64285659790039,33.17154693603516,165200
2021-02-03,34.74571228027344,36.87571334838867,34.74571228027344,36.82857131958008,35.26444625854492,147000
2021-02-04,36.98143005371094,39.25,36.98143005371094,39.25,37.583038330078125,167300
2021-02-05,40.23571395874024,40.731712341308594,39.57685852050781,39.854286193847656,38.161651611328125,156800
2021-02-08,40.50285720825195,42.97285842895508,40.50285720825195,42.97285842895508,41.14778518676758,179900
2021-02-09,41.94571304321289,42.5099983215332,41.08200073242188,41.93857192993164,40.15742111206055,97300
2021-02-10,42.52999877929688,43.57143020629883,41.3457145690918,42.90571212768555,41.08348083496094,167300
2021-02-11,42.869998931884766,43.52571487426758,41.02228546142578,42.63428497314453,40.823577880859375,279300
2021-02-12,41.71428680419922,43.98143005371094,41.71428680419922,43.98143005371094,42.113525390625,80500
2021-02-16,45.28571319580078,47.13428497314453,45.28571319580078,46.79142761230469,44.80416870117188,165200
2021-02-17,46.26285552978516,47.26214218139648,45.22428512573242,46.62428665161133,44.64412689208984,124600
2021-02-18,44.92714309692383,45.92285537719727,43.46356964111328,44.28571319580078,42.40487289428711,124600
2021-02-19,45.02571487426758,48.50428771972656,45.02571487426758,48.06700134277344,46.02557373046875,160300
2021-02-22,47.78428649902344,52.727142333984375,47.78428649902344,50.88142776489258,48.72046661376953,254800
2021-02-23,50.2985725402832,52.49285888671875,46.81999969482422,52.30142974853516,50.08016204833984,221200
2021-02-24,53.1542854309082,57.73857116699219,53.14285659790039,57.61000061035156,55.16326904296875,232400
2021-02-25,58.64142990112305,58.64142990112305,50.70357131958008,51.65285873413086,49.45913314819336,309400
2021-02-26,51.89157104492188,52.42699813842773,47.56856918334961,50.77999877929688,48.62334060668945,237300
2021-03-01,53.71428680419922,55.56428527832031,53.71428680419922,54.64142990112305,52.32078170776367,224000
2021-03-02,55.34000015258789,55.86000061035156,53.540000915527344,53.79999923706055,51.515079498291016,162500
2021-03-03,54.150001525878906,58.2400016784668,54.150001525878906,55.06999969482422,52.73115158081055,198200
2021-03-04,55.06999969482422,56.36000061035156,48.470001220703125,52.7400016784668,50.50010299682617,215800
2021-03-05,56.5,57.22999954223633,48.81100082397461,56.95000076293945,54.53130340576172,174800
2021-03-08,58.34000015258789,60.87900161743164,57.47999954223633,58.27999877929688,55.8048095703125,217600
2021-03-09,58.77999877929688,59.27999877929688,55.34000015258789,56.68000030517578,54.27276992797852,149500
2021-03-10,57.0,60.02000045776367,56.79999923706055,59.40999984741211,56.88682174682617,108300
2021-03-11,60.290000915527344,63.150001525878906,59.58000183105469,61.22999954223633,58.62952423095703,146000
2021-03-12,61.2599983215332,63.2400016784668,61.2599983215332,63.15999984741211,60.47755813598633,84500
2021-03-15,63.79999923706055,64.62999725341797,61.63999938964844,64.51000213623047,61.77023315429688,98900
2021-03-16,63.27000045776367,63.27999877929688,59.11000061035156,59.79999923706055,57.26026153564453,176700
2021-03-17,59.5,62.72999954223633,58.540000915527344,62.68000030517578,60.01795196533203,95200
2021-03-18,62.59999847412109,64.27999877929688,57.65999984741211,58.459999084472656,55.9771728515625,151900
2021-03-19,57.25,59.73500061035156,54.880001068115234,58.16999816894531,55.699485778808594,121500
2021-03-22,57.43000030517578,57.84999847412109,55.20000076293945,55.880001068115234,53.50675582885742,127000
2021-03-23,54.310001373291016,54.77000045776367,49.57500076293945,50.2400016784668,48.111446380615234,179700
2021-03-24,52.0099983215332,54.75899887084961,50.41999816894531,50.5099983215332,48.3700065612793,118600
2021-03-25,48.5,54.05899810791016,47.34999847412109,53.66999816894531,51.396121978759766,142500
2021-03-26,56.0099983215332,57.27999877929688,53.810001373291016,57.09000015258789,54.67123031616211,146000
2021-03-29,56.0,56.220001220703125,52.540000915527344,53.9900016784668,51.70257186889648,114100
2021-03-30,53.75,56.9900016784668,53.5,56.58000183105469,54.18283462524414,67100
2021-03-31,56.58000183105469,57.369998931884766,55.56999969482422,56.400001525878906,54.01046371459961,67100
2021-04-01,56.65999984741211,59.58000183105469,56.65999984741211,59.58000183105469,57.05573272705078,109900
2021-04-05,61.459999084472656,61.459999084472656,59.369998931884766,59.79999923706055,57.26641082763672,99900
2021-04-06,59.61000061035156,61.79999923706055,59.61000061035156,60.18999862670898,57.6398811340332,70600
2021-04-07,60.77999877929688,61.27000045776367,59.0,60.18999862670898,57.6398811340332,75600
2021-04-08,60.5,60.5,57.06499862670898,59.77999877929688,57.247257232666016,103200
2021-04-09,59.70000076293945,60.5,59.09999847412109,60.400001525878906,57.84099197387695,90600
2021-04-12,60.400001525878906,61.06999969482422,59.0,60.310001373291016,57.75480651855469,36000
2021-04-13,59.63999938964844,59.63999938964844,56.93000030517578,58.68000030517578,56.1938591003418,71100
2021-04-14,58.45000076293945,62.84999847412109,58.45000076293945,61.209999084472656,58.616676330566406,111000
2021-04-15,61.650001525878906,61.650001525878906,59.09999847412109,60.27999877929688,57.72607421875,58400
2021-04-16,60.5099983215332,62.41999816894531,59.99399948120117,60.52000045776367,57.95590591430664,57800
2021-04-19,60.0,61.0,58.310001373291016,59.310001373291016,56.79716873168945,55600
2021-04-20,57.970001220703125,57.970001220703125,52.72999954223633,54.45000076293945,52.14307022094727,274500
2021-04-21,53.5,58.27999877929688,52.45000076293945,58.27999877929688,55.8108024597168,176900
2021-04-22,58.22999954223633,59.0,56.0099983215332,56.290000915527344,53.905120849609375,90100
2021-04-23,56.52000045776367,60.11000061035156,56.52000045776367,59.56999969482422,57.04615783691406,110100
2021-04-26,60.11000061035156,62.38999938964844,60.11000061035156,61.45000076293945,58.84650039672852,199300
2021-04-27,61.70000076293945,62.959999084472656,61.16999816894531,62.7599983215332,60.10099792480469,61700
2021-04-28,62.59999847412109,65.25,62.59999847412109,64.80999755859375,62.06414413452149,146300
2021-04-29,66.31999969482422,68.0,64.41999816894531,66.56999969482422,63.74959182739258,148900
2021-04-30,64.94000244140625,66.23999786376953,63.50199890136719,64.2699966430664,61.547019958496094,160500
2021-05-03,66.77999877929688,67.57499694824219,64.93000030517578,66.58999633789062,63.76872634887695,162800
2021-05-04,65.79000091552734,66.1500015258789,62.20000076293945,65.58999633789062,62.81109619140625,101600
2021-05-05,66.69000244140625,68.7699966430664,65.20999908447266,67.98999786376953,65.10941314697266,166300
2021-05-06,68.19000244140625,68.66000366210938,64.9000015258789,68.66000366210938,65.75103759765625,183400
2021-05-07,67.37000274658203,72.37999725341797,67.0,72.27999877929688,69.21764373779297,206800
2021-05-10,72.76000213623047,74.34400177001953,70.48999786376953,70.70999908447266,67.71417236328125,157700
2021-05-11,66.0,69.37999725341797,63.86000061035156,67.37000274658203,64.51568603515625,216700
2021-05-12,66.73999786376953,68.66100311279297,61.900001525878906,62.41999816894531,59.77540588378906,138500
2021-05-13,62.02999877929688,66.37000274658203,61.922000885009766,64.69999694824219,61.95880889892578,192700
2021-05-14,66.81999969482422,71.1500015258789,66.5,70.91000366210938,67.90570068359375,272900
2021-05-17,70.19999694824219,72.61000061035156,68.16999816894531,72.55000305175781,69.4762191772461,177200
2021-05-18,72.86000061035156,73.55999755859375,69.31999969482422,69.72000122070312,66.76612091064453,168600
2021-05-19,65.11000061035156,67.19000244140625,62.79999923706055,66.9000015258789,64.06559753417969,289400
2021-05-20,66.80999755859375,67.5999984741211,64.70999908447266,66.81999969482422,63.98899841308594,147400
2021-05-21,68.44000244140625,69.78500366210938,67.25,67.33000183105469,64.4773941040039,140300
2021-05-24,68.37000274658203,71.0,67.43000030517578,70.26000213623047,67.28324127197266,96500
2021-05-25,71.44000244140625,73.0999984741211,68.33000183105469,68.77999877929688,65.86593627929688,140200
2021-05-26,69.0199966430664,71.55699920654297,69.01000213623047,71.27999877929688,68.26002502441406,59100
2021-05-27,72.5,74.58999633789062,72.5,74.4000015258789,71.24784088134766,104500
2021-05-28,74.70999908447266,74.73999786376953,72.54499816894531,73.91000366210938,70.77861022949219,90700
2021-06-01,75.75,78.26000213623047,75.75,78.08999633789062,74.781494140625,110100
2021-06-02,78.94000244140625,79.76000213623047,76.61100006103516,79.06999969482422,75.71997833251953,183700
2021-06-03,77.47000122070312,78.3499984741211,75.2699966430664,76.87000274658203,73.61318969726562,108100
2021-06-04,78.25,78.5,75.8499984741211,77.80000305175781,74.50379180908203,119800
2021-06-07,77.83999633789062,78.66999816894531,77.1510009765625,77.55999755859375,74.27397918701172,60200
2021-06-08,77.61000061035156,78.58599853515625,75.68000030517578,78.22000122070312,74.90599060058594,72700
2021-06-09,78.75,78.75,75.13500213623047,75.2699966430664,72.08097839355469,97300
2021-06-10,77.36000061035156,77.73799896240234,72.93399810791016,73.88999938964844,70.75945281982422,108700
2021-06-11,74.95999908447266,75.3499984741211,73.86000061035156,74.7699966430664,71.6021728515625,71300
2021-06-14,74.68000030517578,75.5790023803711,71.68000030517578,72.9000015258789,69.81140899658203,154100
2021-06-15,72.72000122070312,74.0,71.91000366210938,73.30000305175781,70.1944351196289,80100
2021-06-16,72.6500015258789,74.0,70.58000183105469,73.13999938964844,70.0412368774414,82800
2021-06-17,72.44000244140625,73.56999969482422,64.94000244140625,67.2300033569336,64.3816146850586,182700
2021-06-18,63.93000030517578,65.0199966430664,62.35200119018555,62.79999923706055,60.13930130004883,243900
2021-06-21,63.970001220703125,68.22000122070312,63.93000030517578,68.19999694824219,65.31050872802734,198100
2021-06-22,67.61000061035156,69.02999877929688,66.05999755859375,68.37999725341797,65.5174789428711,98400
2021-06-23,69.13999938964844,71.0,69.13999938964844,69.37999725341797,66.4756088256836,117600
2021-06-24,70.66999816894531,71.88999938964844,69.5,71.54000091552734,68.54520416259766,98000
2021-06-25,72.3499984741211,73.80000305175781,71.80999755859375,73.4000015258789,70.32731628417969,95200
2021-06-28,73.11000061035156,73.11000061035156,68.25,69.37999725341797,66.4756088256836,209700
2021-06-29,69.80999755859375,71.0999984741211,68.66500091552734,69.01000213623047,66.12110900878906,114800
2021-06-30,69.0,70.75,68.87999725341797,70.63999938964844,67.682861328125,132800
2021-07-01,72.0,73.16999816894531,71.5,72.52999877929688,69.49374389648438,112000
2021-07-02,72.86000061035156,72.86000061035156,71.1500015258789,72.12999725341797,69.11048889160156,79200
2021-07-06,72.0199966430664,72.02999877929688,65.5199966430664,66.93000030517578,64.12818145751953,188000
2021-07-07,66.73999786376953,67.7699966430664,62.459999084472656,64.37000274658203,61.67535018920898,226000
2021-07-08,60.060001373291016,63.77999877929688,58.54999923706055,62.290000915527344,59.68242263793945,205100
2021-07-09,64.44000244140625,67.36000061035156,63.5099983215332,67.36000061035156,64.54017639160156,280600
2021-07-12,66.27999877929688,69.0,65.0,68.79000091552734,65.91032409667969,140500
2021-07-13,67.75,67.75,65.03199768066406,65.25,62.51850509643555,129400
2021-07-14,65.93000030517578,68.25,61.89799880981445,62.54999923706055,59.93153381347656,148800
2021-07-15,60.97999954223633,62.02999877929688,58.41999816894531,60.27000045776367,57.74698638916016,144500
2021-07-16,61.43999862670898,61.45600128173828,55.3759994506836,55.77999877929688,53.4449348449707,231600
2021-07-19,51.0,51.71200180053711,48.369998931884766,50.88999938964844,48.75963973999024,337400
2021-07-20,51.0,56.41999816894531,50.310001373291016,56.16999816894531,53.81861114501953,214200
2021-07-21,57.470001220703125,61.540000915527344,57.470001220703125,61.20000076293945,58.6380500793457,251300
2021-07-22,60.84999847412109,60.84999847412109,57.93000030517578,59.22999954223633,56.75051498413086,164000
2021-07-23,60.02999877929688,60.369998931884766,58.02000045776367,59.27999877929688,56.79842376708984,157700
2021-07-26,58.93999862670898,62.0,58.84999847412109,62.0,59.40455627441406,192300
2021-07-27,60.47999954223633,60.47999954223633,57.86000061035156,59.68999862670898,57.19126129150391,107500
2021-07-28,60.13999938964844,62.380001068115234,58.334999084472656,61.290000915527344,58.72428131103516,158400
2021-07-29,62.34999847412109,64.38999938964844,62.0009994506836,63.16999816894531,60.52557373046875,152100
2021-07-30,61.70000076293945,63.9900016784668,60.75,61.619998931884766,59.04046630859375,115100
2021-08-02,62.310001373291016,65.75700378417969,60.31700134277344,60.630001068115234,58.091915130615234,156300
2021-08-03,61.0,62.93999862670898,58.25,62.93999862670898,60.305206298828125,111100
2021-08-04,61.04999923706055,62.6349983215332,59.77999877929688,59.810001373291016,57.30623626708984,139000
2021-08-05,60.36000061035156,64.18000030517578,60.36000061035156,63.52000045776367,60.86092758178711,170200
2021-08-06,64.38999938964844,65.86000061035156,64.19999694824219,65.4800033569336,62.73888397216797,149000
2021-08-09,64.4000015258789,65.1500015258789,62.59999847412109,64.16000366210938,61.47414016723633,70000
2021-08-10,64.3499984741211,67.08000183105469,64.08999633789062,66.31999969482422,63.54369354248047,191200
2021-08-11,66.4000015258789,68.41999816894531,64.94000244140625,68.41999816894531,65.55580139160156,137900
2021-08-12,67.80000305175781,67.80000305175781,65.3030014038086,67.51000213623047,64.68389129638672,66100
2021-08-13,67.19999694824219,67.5,65.08000183105469,65.38999938964844,62.65264129638672,59800
2021-08-16,63.75,63.75,61.209999084472656,62.880001068115234,60.24772262573242,113400
2021-08-17,61.34999847412109,61.34999847412109,56.67599868774414,58.84999847412109,56.38641357421875,195500
2021-08-18,58.43999862670898,60.45000076293945,57.119998931884766,57.34000015258789,54.939640045166016,110700
2021-08-19,55.52000045776367,55.95000076293945,53.20000076293945,54.810001373291016,52.51555252075195,210200
2021-08-20,54.5,56.40999984741211,54.29999923706055,56.40999984741211,54.04856491088867,176700
2021-08-23,58.040000915527344,60.729000091552734,58.040000915527344,60.56999969482422,58.03442001342773,121000
2021-08-24,61.18000030517578,63.25199890136719,61.18000030517578,62.97999954223633,60.34353256225586,157400
2021-08-25,63.0,65.44999694824219,62.81999969482422,64.80999755859375,62.096923828125,152200
2021-08-26,64.33999633789062,64.9800033569336,62.36100006103516,62.88999938964844,60.25729751586914,77500
2021-08-27,63.869998931884766,67.41999816894531,63.869998931884766,66.94000244140625,64.13776397705078,327800
2021-08-30,67.83999633789062,67.94000244140625,66.06999969482422,66.08000183105469,63.31376266479492,134500
2021-08-31,65.70999908447266,66.3499984741211,64.30999755859375,65.79000091552734,63.03590393066406,74900
2021-09-01,66.80000305175781,66.80000305175781,64.56999969482422,64.63999938964844,61.93404769897461,80600
2021-09-02,65.44000244140625,67.08000183105469,65.24299621582031,65.94000244140625,63.17962646484375,165800
2021-09-03,65.51000213623047,66.55000305175781,64.69999694824219,65.37000274658203,62.633487701416016,45000
2021-09-07,65.01000213623047,65.5999984741211,64.16200256347656,65.29000091552734,62.55683898925781,92400
2021-09-08,64.6500015258789,65.02200317382812,61.63999938964844,62.720001220703125,60.09441757202149,100800
2021-09-09,62.4900016784668,65.0,62.119998931884766,63.59000015258789,60.92799758911133,106800
2021-09-10,65.30000305175781,65.51000213623047,62.13999938964844,62.380001068115234,59.76865005493164,245700
2021-09-13,63.7400016784668,64.13999938964844,61.66400146484375,64.13999938964844,61.4549674987793,103800
2021-09-14,64.6500015258789,64.6500015258789,61.70000076293945,62.5,59.88362884521485,104900
2021-09-15,62.4900016784668,65.16999816894531,61.88999938964844,65.05000305175781,62.32688522338867,80200
2021-09-16,64.83000183105469,66.06700134277344,63.83200073242188,65.22000122070312,62.48976135253906,47800
2021-09-17,64.88999938964844,65.7300033569336,62.61000061035156,63.58000183105469,60.918418884277344,120300
2021-09-20,59.02999877929688,60.060001373291016,55.88100051879883,58.959999084472656,56.491817474365234,253600
2021-09-21,60.38999938964844,60.5,57.369998931884766,58.68999862670898,56.23311996459961,105200
2021-09-22,59.45000076293945,63.64500045776367,59.45000076293945,62.68000030517578,60.056095123291016,170700
2021-09-23,63.86000061035156,67.94000244140625,63.79999923706055,67.18000030517578,64.36771392822266,252800
2021-09-24,65.80999755859375,68.3499984741211,65.66000366210938,67.98999786376953,65.14380645751953,119400
2021-09-27,67.94000244140625,70.55000305175781,67.94000244140625,69.87999725341797,66.95468139648438,279600
2021-09-28,68.33000183105469,69.08000183105469,64.88999938964844,65.26000213623047,62.52809143066406,163100
2021-09-29,65.81999969482422,66.00499725341797,63.369998931884766,63.43999862670898,60.78427505493164,139700
2021-09-30,64.12000274658203,64.30000305175781,61.33000183105469,61.43999862670898,58.86799240112305,122400
2021-10-01,62.68999862670898,65.87000274658203,61.45000076293945,65.5,62.758033752441406,104300
2021-10-04,64.97000122070312,65.19999694824219,62.04999923706055,62.83000183105469,60.1998176574707,64500
2021-10-05,64.01000213623047,66.20999908447266,63.47999954223633,64.66000366210938,61.95320892333984,88000
2021-10-06,62.400001525878906,64.55000305175781,60.97999954223633,64.33999633789062,61.6466064453125,86300
2021-10-07,66.23999786376953,68.03900146484375,66.23999786376953,66.38999938964844,63.610782623291016,78000
2021-10-08,67.08000183105469,67.81999969482422,65.80999755859375,66.30999755859375,63.53413009643555,39600
2021-10-11,66.33999633789062,68.2699966430664,65.05999755859375,65.19999694824219,62.47060012817383,46400
2021-10-12,65.5199966430664,67.07499694824219,65.26000213623047,65.73999786376953,62.98799514770508,48900
2021-10-13,65.69000244140625,66.44999694824219,63.970001220703125,65.76000213623047,63.00716018676758,56500
2021-10-14,67.76000213623047,69.44000244140625,67.76000213623047,69.37999725341797,66.4756088256836,63700
2021-10-15,70.9000015258789,71.62999725341797,70.16999816894531,70.30000305175781,67.35710906982422,113900
2021-10-18,69.62000274658203,71.9469985961914,69.5999984741211,71.81999969482422,68.81346130371094,38500
2021-10-19,72.7699966430664,73.78099822998047,71.91000366210938,73.04000091552734,69.98240661621094,63000
2021-10-20,73.0,73.9800033569336,72.18000030517578,73.58999633789062,70.50936889648438,34300
2021-10-21,72.98999786376953,74.0999984741211,72.2249984741211,73.70999908447266,70.62434387207031,21300
2021-10-22,73.79000091552734,75.25499725341797,72.2699966430664,73.81999969482422,70.72975158691406,31000
2021-10-25,74.68000030517578,76.13999938964844,74.62999725341797,75.68000030517578,72.51189422607422,33900
2021-10-26,76.91999816894531,77.69999694824219,74.63999938964844,75.19999694824219,72.05197143554688,45500
2021-10-27,75.0,75.0,71.94999694824219,72.0,68.98594665527344,59400
2021-10-28,73.0999984741211,75.5199966430664,73.0999984741211,75.5199966430664,72.35856628417969,33700
2021-10-29,74.19999694824219,75.61000061035156,73.9800033569336,75.56999969482422,72.40648651123047,42100
2021-11-01,76.94999694824219,79.66999816894531,76.7699966430664,79.63999938964844,76.30610656738281,57600
2021-11-02,79.27999877929688,80.5199966430664,78.94000244140625,80.0199966430664,76.67019653320312,73400
2021-11-03,79.88999938964844,81.9800033569336,78.30000305175781,81.62000274658203,78.2032241821289,50800
2021-11-04,82.80000305175781,83.71299743652344,81.16000366210938,82.41999816894531,78.9697265625,68000
2021-11-05,85.69999694824219,87.70999908447266,85.69999694824219,86.87999725341797,83.24303436279297,100400
2021-11-08,88.8499984741211,89.30000305175781,87.41999816894531,87.79000091552734,84.11493682861328,109700
2021-11-09,87.4800033569336,88.4000015258789,84.23999786376953,86.11000061035156,82.50527954101562,89200
2021-11-10,84.19999694824219,85.33000183105469,78.8499984741211,80.16999816894531,76.81391906738281,74100
2021-11-11,82.0,82.73999786376953,81.41600036621094,82.0,78.56732940673828,49800
2021-11-12,82.5,83.5,82.18000030517578,83.37000274658203,79.87996673583984,29800
2021-11-15,84.30999755859375,84.32499694824219,81.76000213623047,83.2699966430664,79.7841567993164,42800
2021-11-16,82.98999786376953,85.0,82.55999755859375,84.54000091552734,81.00099182128906,31600
2021-11-17,84.04000091552734,84.2300033569336,81.45999908447266,81.98999786376953,78.5577392578125,43200
2021-11-18,83.23999786376953,83.62000274658203,79.63300323486328,81.7699966430664,78.34693908691406,41400
2021-11-19,80.51000213623047,81.27999877929688,78.9800033569336,79.70999908447266,76.37318420410156,68300
2021-11-22,81.12000274658203,83.12999725341797,78.61000061035156,79.0999984741211,75.78871154785156,101300
2021-11-23,79.55000305175781,81.43000030517578,76.93000030517578,80.0,76.65104675292969,50400
2021-11-24,77.87000274658203,80.2300033569336,76.58000183105469,80.2300033569336,76.87142181396484,37100
2021-11-26,72.47000122070312,72.47000122070312,67.55000305175781,70.77999877929688,67.81700134277344,178200
2021-11-29,74.16000366210938,75.11000061035156,70.83000183105469,74.48999786376953,71.3717041015625,87000
2021-11-30,71.63999938964844,72.70999908447266,67.0,69.45999908447266,66.55226135253906,157500
2021-12-01,73.02999877929688,74.32599639892578,64.08999633789062,64.48999786376953,61.79031753540039,213000
2021-12-02,64.52999877929688,69.69999694824219,63.81999969482422,69.19000244140625,66.2935791015625,100100
2021-12-03,69.86000061035156,70.41999816894531,63.08000183105469,65.4800033569336,62.73888397216797,149700
2021-12-06,66.87999725341797,70.52999877929688,64.56999969482422,69.05999755859375,66.16900634765625,179100
2021-12-07,72.37999725341797,76.80999755859375,72.37999725341797,74.77999877929688,71.64955139160156,154200
2021-12-08,75.5,77.02999877929688,74.25499725341797,76.18000030517578,72.99095916748047,87400
2021-12-09,74.87000274658203,76.16000366210938,72.72000122070312,72.83999633789062,69.790771484375,69200
2021-12-10,74.56999969482422,75.36000061035156,71.12999725341797,73.5,70.42314910888672,46800
2021-12-13,72.54000091552734,72.58999633789062,67.02200317382812,68.11000061035156,65.2587890625,153000
2021-12-14,65.79000091552734,68.4000015258789,65.62000274658203,66.43000030517578,63.64912033081055,93400
2021-12-15,66.2300033569336,69.06999969482422,62.65999984741211,68.94000244140625,66.05403900146484,145800
2021-12-16,70.5999984741211,71.1500015258789,64.58499908447266,65.23999786376953,62.508914947509766,152600
2021-12-17,63.900001525878906,67.13899993896484,61.78499984741211,65.20999908447266,62.48017120361328,155400
2021-12-20,61.130001068115234,62.387001037597656,59.40999984741211,61.7400016784668,59.15544509887695,169000
2021-12-21,64.05000305175781,69.43000030517578,64.05000305175781,69.43000030517578,66.5235366821289,204200
2021-12-22,68.69000244140625,71.4000015258789,68.58999633789062,71.12000274658203,68.14279174804688,132200
2021-12-23,72.25,73.99199676513672,72.01000213623047,72.9800033569336,69.9249267578125,146600
2021-12-27,73.22000122070312,76.88999938964844,73.0,76.66999816894531,73.46044158935547,164200
2021-12-28,76.98999786376953,78.19000244140625,75.38099670410156,75.79000091552734,72.6172866821289,101700
2021-12-29,75.94999694824219,76.5999984741211,74.93000030517578,75.80000305175781,72.6268539428711,82800
2021-12-30,75.69999694824219,77.33999633789062,74.73999786376953,74.94000244140625,71.80286407470703,52900
2021-12-31,74.38999938964844,75.51000213623047,74.30999755859375,74.5999984741211,71.47709655761719,63400
2022-01-03,75.95999908447266,78.5999984741211,75.31999969482422,77.51000213623047,74.26528930664062,104600
2022-01-04,79.16999816894531,81.0,77.44999694824219,79.69999694824219,76.36359405517578,158300
2022-01-05,79.91000366210938,81.0,72.8499984741211,73.13999938964844,70.07820892333984,223600
2022-01-06,74.0199966430664,76.16000366210938,71.66000366210938,75.0,71.86034393310547,113500
2022-01-07,75.01000213623047,76.43499755859375,72.64099884033203,73.68000030517578,70.59561157226562,50100
2022-01-10,71.81999969482422,72.31099700927734,66.8499984741211,72.30000305175781,69.27338409423828,116600
2022-01-11,72.37999725341797,76.5199966430664,70.73999786376953,76.2699966430664,73.07717895507812,81400
2022-01-12,77.44000244140625,79.1500015258789,74.97000122070312,76.76000213623047,73.54669189453125,79000
2022-01-13,77.58999633789062,80.04000091552734,73.44999694824219,74.08000183105469,70.97886657714844,134800
2022-01-14,72.5999984741211,75.6500015258789,71.94999694824219,75.61000061035156,72.44482421875,115000
2022-01-18,73.73999786376953,73.8499984741211,69.19999694824219,69.4800033569336,66.5714340209961,70000
2022-01-19,70.94999694824219,71.23999786376953,65.43000030517578,65.58000183105469,62.83469772338867,70600
2022-01-20,66.36000061035156,69.44000244140625,61.560001373291016,61.91999816894531,59.327911376953125,120400
2022-01-21,60.59999847412109,62.20000076293945,56.494998931884766,56.720001220703125,54.3455924987793,177200
2022-01-24,53.36000061035156,58.83000183105469,48.08300018310547,58.75,56.29060745239258,209800
2022-01-25,54.63999938964844,59.93000030517578,52.47499847412109,57.709999084472656,55.29413986206055,83900
2022-01-26,60.0,63.27999877929688,55.04999923706055,57.52999877929688,55.121681213378906,142300
2022-01-27,59.70000076293945,60.209999084472656,52.709999084472656,53.79999923706055,51.54781723022461,98900
2022-01-28,53.130001068115234,56.02000045776367,50.84000015258789,56.0,53.65573120117188,120700
2022-01-31,55.34999847412109,61.25,55.11000061035156,61.11000061035156,58.55181121826172,108000
2022-02-01,61.45000076293945,64.5999984741211,60.18000030517578,64.45999908447266,61.76157379150391,136100
2022-02-02,64.91999816894531,65.3499984741211,62.51399993896485,64.97000122070312,62.25022506713867,70900
2022-02-03,61.970001220703125,63.42599868774414,59.34000015258789,59.81999969482422,57.31581878662109,56000
2022-02-04,59.11000061035156,62.75,58.40999984741211,61.38999938964844,58.82009506225586,54200
2022-02-07,61.36000061035156,64.29000091552734,61.36000061035156,62.59000015258789,59.96985626220703,104900
2022-02-08,62.52999877929688,65.25,61.4010009765625,64.91999816894531,62.20232391357422,83900
2022-02-09,66.80000305175781,70.33999633789062,66.80000305175781,70.02999877929688,67.09839630126953,116800
2022-02-10,66.77999877929688,73.05000305175781,66.11000061035156,67.2300033569336,64.41561889648438,110500
2022-02-11,67.38999938964844,69.21700286865234,61.900001525878906,63.11000061035156,60.46809005737305,110100
2022-02-14,62.869998931884766,64.3499984741211,59.83000183105469,61.04999923706055,58.49432373046875,58000
2022-02-15,62.79999923706055,66.41999816894531,62.5,66.25,63.47664260864258,81500
2022-02-16,65.08999633789062,68.44000244140625,65.0,67.62000274658203,64.78929901123047,69300
2022-02-17,65.66999816894531,66.19000244140625,61.25,61.650001525878906,59.0692138671875,57800
2022-02-18,61.45000076293945,62.5,58.59999847412109,59.7599983215332,57.25832748413086,76600
2022-02-22,59.02999877929688,61.060001373291016,55.0,56.72999954223633,54.355167388916016,86800
2022-02-23,59.33000183105469,59.630001068115234,52.709999084472656,53.02000045776367,50.80048370361328,73000
2022-02-24,47.93999862670898,58.875,47.09000015258789,58.52999877929688,56.07981872558594,165200
2022-02-25,59.5099983215332,62.959999084472656,57.63999938964844,62.959999084472656,60.32437133789063,81800
2022-02-28,60.18000030517578,63.75899887084961,59.630001068115234,62.66999816894531,60.046504974365234,123900
2022-03-01,61.70000076293945,62.209999084472656,56.470001220703125,57.83000183105469,55.409122467041016,72900
2022-03-02,58.93999862670898,62.5099983215332,58.0099983215332,61.79999923706055,59.21292495727539,83400
2022-03-03,62.79999923706055,62.79999923706055,57.31999969482422,58.06999969482422,55.63907241821289,56100
2022-03-04,56.58000183105469,57.47999954223633,52.66999816894531,54.52999877929688,52.24726867675781,135900
2022-03-07,54.31999969482422,55.25699996948242,46.1349983215332,46.36000061035156,44.419281005859375,120100
2022-03-08,46.52000045776367,51.2400016784668,45.23199844360352,47.470001220703125,45.48281097412109,211300
2022-03-09,50.81999969482422,53.619998931884766,50.380001068115234,52.83000183105469,50.61842727661133,160500
2022-03-10,50.29999923706055,51.75,48.58000183105469,51.43999862670898,49.286617279052734,90200
2022-03-11,52.369998931884766,52.880001068115234,47.9900016784668,48.08000183105469,46.06727600097656,69800
2022-03-14,48.43999862670898,48.70000076293945,43.97999954223633,44.72999954223633,42.85750961303711,127200
2022-03-15,45.0099983215332,49.07600021362305,44.91999816894531,48.81999969482422,46.77629852294922,184100
2022-03-16,50.7400016784668,55.130001068115234,49.970001220703125,55.130001068115234,52.822147369384766,193500
2022-03-17,54.400001525878906,58.15999984741211,53.79199981689453,58.04999923706055,55.61991882324219,82200
2022-03-18,56.95000076293945,61.74800109863281,56.73199844360352,61.56999969482422,58.992557525634766,142000
2022-03-21,61.08000183105469,61.95000076293945,58.0,60.310001373291016,57.78530502319336,102000
2022-03-22,60.54999923706055,63.41999816894531,60.54999923706055,62.84999847412109,60.218971252441406,96800
2022-03-23,61.619998931884766,62.400001525878906,58.9900016784668,58.9900016784668,56.52056503295898,77300
2022-03-24,59.7400016784668,62.86000061035156,58.61000061035156,62.84000015258789,60.20939254760742,67700
2022-03-25,62.959999084472656,63.23500061035156,60.09099960327149,62.290000915527344,59.68242263793945,138900
2022-03-28,61.93999862670898,63.36000061035156,59.75,63.34999847412109,60.69804382324219,119100
2022-03-29,64.69000244140625,68.5,64.5199966430664,68.0999984741211,65.24919128417969,122800
2022-03-30,67.41000366210938,67.72799682617188,63.04999923706055,64.05000305175781,61.36874008178711,89600
2022-03-31,63.95000076293945,65.5,61.36000061035156,61.470001220703125,58.89674377441406,141700
2022-04-01,62.5099983215332,62.619998931884766,59.380001068115234,61.18999862670898,58.62846755981445,77200
2022-04-04,62.0,64.69000244140625,62.0,64.5199966430664,61.81906509399414,79200
2022-04-05,64.4000015258789,64.8499984741211,58.68999862670898,59.119998931884766,56.64511489868164,68100
2022-04-06,57.15999984741211,57.15999984741211,53.34400177001953,54.81999969482422,52.52512741088867,79800
2022-04-07,54.38999938964844,56.0,52.0,54.95000076293945,52.649688720703125,64200
2022-04-08,54.13999938964844,55.33399963378906,52.54999923706055,53.43999862670898,51.2028923034668,35800
2022-04-11,51.93000030517578,53.22999954223633,50.698001861572266,50.959999084472656,48.82671356201172,45200
2022-04-12,53.06999969482422,54.869998931884766,49.89400100708008,50.54999923706055,48.43387985229492,128400
2022-04-13,51.09999847412109,53.84999847412109,51.0,53.52999877929688,51.28913116455078,65000
2022-04-14,53.75,54.18999862670898,50.47999954223633,50.56999969482422,48.45304107666016,51600
2022-04-18,50.380001068115234,51.90999984741211,49.630001068115234,50.9900016784668,48.855464935302734,51600
2022-04-19,50.65999984741211,55.27999877929688,50.65999984741211,54.9900016784668,52.6880111694336,102900
2022-04-20,55.88999938964844,56.7400016784668,53.77000045776367,54.08000183105469,51.81610107421875,103000
2022-04-21,56.5,57.119998931884766,48.369998931884766,48.95000076293945,46.90085983276367,144100
2022-04-22,48.91999816894531,48.91999816894531,44.66999816894531,44.880001068115234,43.0012321472168,120800
2022-04-25,43.72299957275391,46.52999877929688,42.84999847412109,46.400001525878906,44.45760726928711,146500
2022-04-26,45.18999862670898,45.380001068115234,41.09999847412109,41.209999084472656,39.48486328125,168300
2022-04-27,41.22999954223633,43.43000030517578,40.58000183105469,41.27999877929688,39.55193328857422,230500
2022-04-28,42.9900016784668,46.68000030517578,41.08000183105469,45.650001525878906,43.73899841308594,154200
2022-04-29,45.02000045776367,47.34999847412109,41.01499938964844,41.31999969482422,39.59026336669922,136700
2022-05-02,41.209999084472656,43.59999847412109,39.72999954223633,43.560001373291016,41.73649215698242,126600
2022-05-03,43.63999938964844,46.0,43.40999984741211,45.27000045776367,43.374908447265625,168900
2022-05-04,45.70000076293945,50.15999984741211,43.02999877929688,50.04999923706055,47.95480346679688,197000
2022-05-05,48.29999923706055,48.380001068115234,41.28499984741211,43.150001525878906,41.34365081787109,238400
2022-05-06,42.38999938964844,42.560001373291016,38.310001373291016,40.72999954223633,39.02495956420898,158200
2022-05-09,38.0099983215332,38.77999877929688,33.0099983215332,33.63999938964844,32.23176574707031,275300
2022-05-10,36.119998931884766,36.70000076293945,32.119998931884766,34.33000183105469,32.892879486083984,156100
2022-05-11,34.06999969482422,36.16999816894531,30.95499992370605,31.09000015258789,29.78851127624512,343200
2022-05-12,30.0,33.16999816894531,29.131000518798828,31.57999992370605,30.257997512817383,245700
2022-05-13,33.459999084472656,36.76900100708008,33.290000915527344,36.220001220703125,34.70376205444336,270800
2022-05-16,35.66999816894531,36.29999923706055,34.31999969482422,34.52000045776367,33.07492446899414,123400
2022-05-17,37.04999923706055,38.14699935913086,35.5,38.02999877929688,36.437984466552734,365700
2022-05-18,36.75,37.30899810791016,32.459999084472656,33.04999923706055,31.666460037231445,217800
2022-05-19,31.940000534057617,35.400001525878906,31.940000534057617,33.7599983215332,32.34674072265625,151000
2022-05-20,35.2599983215332,35.2599983215332,30.479999542236328,33.68000030517578,32.27008819580078,258200
2022-05-23,34.58000183105469,34.630001068115234,32.31999969482422,34.29999923706055,32.864131927490234,208800
2022-05-24,32.95000076293945,32.95000076293945,29.690000534057617,30.709999084472656,29.42441749572754,269100
2022-05-25,30.239999771118164,33.70000076293945,30.239999771118164,33.08000183105469,31.69520568847656,142400
2022-05-26,33.81999969482422,37.81999969482422,33.59000015258789,37.290000915527344,35.728965759277344,257800
2022-05-27,38.5,41.2400016784668,38.5,41.220001220703125,39.49444961547852,230200
2022-05-31,40.90999984741211,41.52000045776367,38.63999938964844,40.27000045776367,38.58421325683594,184600
2022-06-01,41.2400016784668,42.0,37.08000183105469,38.34999847412109,36.74459838867188,137000
2022-06-02,38.4900016784668,42.95000076293945,38.4900016784668,42.88999938964844,41.094539642333984,209500
2022-06-03,40.66999816894531,41.630001068115234,39.33300018310547,39.93000030517578,38.25845336914063,106400
2022-06-06,41.650001525878906,42.52999877929688,40.20000076293945,40.70000076293945,38.9962272644043,70400
2022-06-07,39.18000030517578,42.2400016784668,38.58000183105469,42.08000183105469,40.31844711303711,90500
2022-06-08,41.560001373291016,42.400001525878906,39.970001220703125,40.18999862670898,38.50756454467773,62900
2022-06-09,39.54999923706055,40.09999847412109,36.709999084472656,36.72999954223633,35.19240951538086,149400
2022-06-10,34.529998779296875,35.0,31.809999465942383,31.93000030517578,30.59334754943848,174000
2022-06-13,28.729999542236328,28.809999465942383,25.266000747680664,25.63999938964844,24.566659927368164,356900
2022-06-14,26.559999465942383,26.600000381469727,24.940000534057617,25.63999938964844,24.566659927368164,198800
2022-06-15,26.75,28.76000022888184,25.700000762939453,27.479999542236328,26.329633712768555,488900
2022-06-16,24.959999084472656,25.09000015258789,21.76799964904785,22.56999969482422,21.625173568725582,412100
2022-06-17,22.96999931335449,24.49799919128418,22.280000686645508,23.81999969482422,22.822847366333008,299600
2022-06-21,25.34000015258789,26.18000030517578,24.902999877929688,24.96999931335449,23.924705505371094,214300
2022-06-22,23.88999938964844,25.80900001525879,23.660999298095703,24.81999969482422,23.780988693237305,296500
2022-06-23,25.459999084472656,26.104999542236328,24.450000762939453,25.920000076293945,24.834936141967773,205800
2022-06-24,26.709999084472656,29.51000022888184,26.709999084472656,29.43000030517578,28.19799995422364,245500
2022-06-27,29.959999084472656,30.165000915527344,28.21999931335449,28.82999992370605,27.62311744689941,151400
2022-06-28,29.540000915527344,30.34000015258789,26.43000030517578,26.530000686645508,25.41940116882324,292500
2022-06-29,26.14999961853028,26.14999961853028,24.3700008392334,25.13999938964844,24.08759117126465,251100
2022-06-30,23.82999992370605,25.15999984741211,22.559999465942383,24.100000381469727,23.091127395629883,290200
2022-07-01,23.71999931335449,24.979999542236328,23.1299991607666,24.670000076293945,23.637269973754883,307300
2022-07-05,23.190000534057617,25.88999938964844,22.52300071716309,25.8799991607666,24.796613693237305,503100
2022-07-06,26.01000022888184,26.489999771118164,24.71999931335449,25.450000762939453,24.384611129760746,238400
2022-07-07,26.38999938964844,28.020000457763672,26.36000061035156,27.88999938964844,26.72246742248535,197300
2022-07-08,27.1200008392334,28.170000076293945,26.36000061035156,27.559999465942383,26.40627861022949,272200
2022-07-11,26.5,26.709999084472656,25.040000915527344,25.46999931335449,24.40377426147461,157700
2022-07-12,25.26000022888184,26.280000686645508,24.549999237060547,24.940000534057617,23.89596366882324,179700
2022-07-13,23.57999992370605,25.21999931335449,22.89999961853028,24.799999237060547,23.761823654174805,405800
2022-07-14,24.1299991607666,24.6200008392334,22.75300025939941,24.3799991607666,23.35940361022949,409700
2022-07-15,25.1200008392334,26.3799991607666,24.32999992370605,26.309999465942383,25.20861053466797,314900
2022-07-18,27.3700008392334,28.43000030517578,26.200000762939453,26.57999992370605,25.4673080444336,335100
2022-07-19,27.64999961853028,29.950000762939453,27.64999961853028,29.84000015258789,28.59083747863769,282300
2022-07-20,29.84000015258789,32.369998931884766,29.809999465942383,32.13999938964844,30.7945556640625,419100
2022-07-21,31.88999938964844,33.22200012207031,30.76000022888184,33.209999084472656,31.819765090942383,185200
2022-07-22,32.95000076293945,33.5,30.530000686645508,31.11000061035156,29.807676315307617,187900
2022-07-25,31.020000457763672,31.21500015258789,29.950000762939453,30.8700008392334,29.57772254943848,86900
2022-07-26,30.299999237060547,30.299999237060547,28.6200008392334,28.81999969482422,27.6135368347168,174800
2022-07-27,30.0,33.141998291015625,30.0,32.7400016784668,31.369441986083984,274000
2022-07-28,33.279998779296875,34.959999084472656,31.780000686645508,34.939998626708984,33.47734069824219,426800
2022-07-29,34.77000045776367,36.59000015258789,34.119998931884766,36.36000061035156,34.83790588378906,168200
2022-08-01,35.349998474121094,37.310001373291016,34.470001220703125,36.5,34.972042083740234,224100
2022-08-02,35.630001068115234,38.00600051879883,35.349998474121094,36.560001373291016,35.02952575683594,387400
2022-08-03,37.15999984741211,38.65499877929688,36.58000183105469,38.369998931884766,36.76375198364258,203800
2022-08-04,38.369998931884766,39.005001068115234,37.650001525878906,38.84999847412109,37.223663330078125,92700
2022-08-05,36.93000030517578,39.4900016784668,36.88999938964844,38.59999847412109,36.98412322998047,311300
2022-08-08,38.97999954223633,40.70299911499024,38.400001525878906,38.77999877929688,37.15659713745117,209800
2022-08-09,37.720001220703125,37.720001220703125,35.34000015258789,36.09999847412109,34.58878326416016,122000
2022-08-10,39.0,40.38999938964844,38.630001068115234,40.15999984741211,38.47882461547852,178300
2022-08-11,41.52000045776367,42.959999084472656,40.06999969482422,40.369998931884766,38.68002700805664,244600
2022-08-12,41.290000915527344,43.20000076293945,40.77999877929688,43.09999847412109,41.295745849609375,151600
2022-08-15,42.09000015258789,43.75,42.0,43.290000915527344,41.4777946472168,150500
2022-08-16,42.869998931884766,44.11000061035156,41.5,43.31999969482422,41.50654220581055,183500
2022-08-17,41.5099983215332,41.810001373291016,39.59999847412109,40.7599983215332,39.053707122802734,231500
2022-08-18,41.02000045776367,41.709999084472656,40.310001373291016,41.470001220703125,39.733985900878906,62200
2022-08-19,39.9900016784668,39.9900016784668,37.29999923706055,37.63999938964844,36.06431198120117,114600
2022-08-22,35.45000076293945,35.45000076293945,33.72999954223633,34.029998779296875,32.605438232421875,143800
2022-08-23,34.150001525878906,35.652000427246094,34.02000045776367,34.470001220703125,33.02701950073242,124400
2022-08-24,34.5,36.25199890136719,34.470001220703125,35.66999816894531,34.176780700683594,152800
2022-08-25,36.43000030517578,38.369998931884766,36.25,38.310001373291016,36.70626831054688,294100
2022-08-26,38.5,38.650001525878906,33.040000915527344,33.08000183105469,31.69520568847656,325700
2022-08-29,31.709999084472656,33.20000076293945,31.709999084472656,32.09000015258789,30.74664878845215,121400
2022-08-30,32.869998931884766,33.19200134277344,30.100000381469727,31.07999992370605,29.778928756713867,415200
2022-08-31,31.780000686645508,32.2599983215332,30.1299991607666,30.31999969482422,29.050745010375977,338300
2022-09-01,29.07999992370605,29.76000022888184,27.299999237060547,29.65999984741211,28.41837310791016,528100
2022-09-02,30.989999771118164,31.39999961853028,28.64999961853028,29.059999465942383,27.843490600585938,207200
2022-09-06,29.450000762939453,29.670000076293945,27.59000015258789,28.64999961853028,27.45065116882324,186400
2022-09-07,28.600000381469727,31.450000762939453,28.600000381469727,31.26000022888184,29.95139503479004,538800
2022-09-08,30.239999771118164,32.7599983215332,29.799999237060547,32.75,31.379016876220703,437700
2022-09-09,33.72999954223633,35.040000915527344,33.68000030517578,34.900001525878906,33.43901824951172,180700
2022-09-12,35.43000030517578,36.334999084472656,35.0,36.08000183105469,34.56962203979492,163400
2022-09-13,32.34000015258789,32.70000076293945,30.11000061035156,30.3700008392334,29.098648071289062,320100
2022-09-14,30.729999542236328,31.27400016784668,29.459999084472656,31.14999961853028,29.845996856689453,239500
2022-09-15,30.559999465942383,32.650001525878906,30.06999969482422,30.459999084472656,29.18488502502441,170100
2022-09-16,28.93000030517578,29.54899978637696,27.929000854492188,29.299999237060547,28.07344436645508,194900
2022-09-19,28.280000686645508,30.270000457763672,28.280000686645508,30.18000030517578,28.916603088378903,122800
2022-09-20,29.350000381469727,29.520000457763672,27.780000686645508,28.450000762939453,27.2590274810791,136100
2022-09-21,28.82999992370605,30.06999969482422,26.540000915527344,26.59000015258789,25.476890563964844,295200
2022-09-22,26.280000686645508,26.65999984741211,23.975000381469727,24.25,23.23484992980957,208800
2022-09-23,23.14200019836425,23.301000595092773,21.39999961853028,22.65999984741211,21.711408615112305,248900
2022-09-26,22.3799991607666,23.89999961853028,21.84499931335449,21.89999961853028,20.98322105407715,463000
2022-09-27,23.06999969482422,23.530000686645508,21.5,22.270000457763672,21.337736129760746,691100
2022-09-28,22.56999969482422,24.57999992370605,22.200000762939453,24.270000457763672,23.254011154174805,448100
2022-09-29,22.96999931335449,23.011999130249023,21.323999404907227,22.020000457763672,21.09819793701172,540300
2022-09-30,21.709999084472656,22.64999961853028,20.559999465942383,20.64999961853028,19.78554916381836,456400
2022-10-03,21.36000061035156,22.91399955749512,20.520000457763672,22.46999931335449,21.52936172485352,385000
2022-10-04,23.790000915527344,25.940000534057617,23.790000915527344,25.89999961853028,24.815773010253903,686200
2022-10-05,24.459999084472656,26.200000762939453,23.690000534057617,25.790000915527344,24.71038055419922,738000
2022-10-06,25.299999237060547,26.739999771118164,24.8129997253418,25.450000762939453,24.384611129760746,264000
2022-10-07,24.07999992370605,24.21999931335449,22.15999984741211,22.549999237060547,21.60601234436035,563800
2022-10-10,22.729999542236328,22.729999542236328,20.309999465942383,21.049999237060547,20.16880416870117,239500
2022-10-11,20.739999771118164,21.1299991607666,19.209999084472656,19.920000076293945,19.08610916137696,345800
2022-10-12,20.030000686645508,20.350000381469727,19.280000686645508,19.96999931335449,19.134017944335938,180900
2022-10-13,18.170000076293945,21.309999465942383,17.33799934387207,20.89999961853028,20.025081634521484,1047000
2022-10-14,21.64999961853028,21.88500022888184,18.815000534057617,18.8799991607666,18.08964157104492,483900
2022-10-17,20.420000076293945,21.07999992370605,20.280000686645508,20.690000534057617,19.823877334594727,516500
2022-10-18,22.479999542236328,22.88999938964844,20.88999938964844,21.709999084472656,20.801176071166992,541200
2022-10-19,21.270000457763672,21.8700008392334,20.3700008392334,20.84000015258789,19.96759986877441,458000
2022-10-20,20.84000015258789,22.36800003051757,20.420000076293945,20.65999984741211,19.79513168334961,228600
2022-10-21,20.51000022888184,22.552000045776367,20.01000022888184,22.479999542236328,21.53894424438477,368300
2022-10-24,22.61000061035156,23.13999938964844,21.34199905395508,22.940000534057617,21.979686737060547,284100
2022-10-25,23.040000915527344,25.131999969482425,23.040000915527344,24.959999084472656,23.915122985839844,760600
2022-10-26,24.56999969482422,26.54899978637696,24.17799949645996,24.850000381469727,23.809734344482425,634600
2022-10-27,25.32999992370605,25.8700008392334,24.200000762939453,24.280000686645508,23.26358985900879,253200
2022-10-28,24.459999084472656,26.209999084472656,23.8700008392334,26.13999938964844,25.04572868347168,337900
2022-10-31,25.799999237060547,26.09000015258789,24.979999542236328,25.559999465942383,24.49000740051269,211500
2022-11-01,27.170000076293945,27.440000534057617,25.770000457763672,25.89999961853028,24.815773010253903,152400
2022-11-02,25.90999984741211,26.850000381469727,23.1200008392334,23.200000762939453,22.228803634643555,753100
2022-11-03,21.940000534057617,23.350000381469727,21.31999969482422,22.489999771118164,21.548519134521484,296300
2022-11-04,24.020000457763672,24.440000534057617,22.35400009155273,23.75,22.75577735900879,625500
2022-11-07,24.229999542236328,24.459999084472656,23.020000457763672,24.36000061035156,23.34024429321289,121700
2022-11-08,24.850000381469727,26.07999992370605,24.040000915527344,25.309999465942383,24.250471115112305,434000
2022-11-09,24.489999771118164,24.670000076293945,23.07999992370605,23.21999931335449,22.24796295166016,426900
2022-11-10,26.6299991607666,29.5,26.6299991607666,29.440000534057617,28.20758438110352,718200
2022-11-11,29.89999961853028,32.59000015258789,29.700000762939453,31.93000030517578,30.59334754943848,460100
2022-11-14,31.18000030517578,32.0099983215332,30.34000015258789,30.479999542236328,29.20404815673828,191500
2022-11-15,32.81999969482422,33.36000061035156,31.3700008392334,32.33000183105469,30.97660446166992,316600
2022-11-16,30.989999771118164,31.049999237060547,29.26099967956543,29.75,28.50460624694824,116900
2022-11-17,27.940000534057617,29.145000457763672,27.440000534057617,28.790000915527344,27.584793090820312,290800
2022-11-18,30.06999969482422,30.07999992370605,28.01000022888184,28.790000915527344,27.584793090820312,146100
2022-11-21,28.15999984741211,28.39999961853028,27.424999237060547,27.86000061035156,26.6937255859375,155100
2022-11-22,28.290000915527344,29.34000015258789,27.489999771118164,29.34000015258789,28.111766815185547,159800
2022-11-23,29.190000534057617,30.5,29.1299991607666,30.209999084472656,28.945350646972656,179300
2022-11-25,30.11000061035156,30.21500015258789,29.6299991607666,29.90999984741211,28.657909393310547,37700
2022-11-28,29.1299991607666,29.75,27.850000381469727,28.11000061035156,26.93325996398925,101300
2022-11-29,28.350000381469727,28.90900039672852,27.959999084472656,28.280000686645508,27.09614372253418,90700
2022-11-30,28.38999938964844,31.850000381469727,27.86000061035156,31.850000381469727,30.51669883728028,342400
2022-12-01,32.33000183105469,32.86000061035156,31.059999465942383,32.13999938964844,30.7945556640625,273900
2022-12-02,30.170000076293945,31.850000381469727,29.959999084472656,31.61000061035156,30.2867431640625,191200
2022-12-05,30.84000015258789,30.96999931335449,28.780000686645508,29.200000762939453,27.977628707885746,222100
2022-12-06,29.100000381469727,29.21500015258789,26.770000457763672,27.43000030517578,26.28172492980957,245900
2022-12-07,27.1200008392334,27.799999237060547,26.57999992370605,27.100000381469727,25.965538024902344,281900
2022-12-08,27.82999992370605,28.739999771118164,27.299999237060547,28.3700008392334,27.182376861572266,194700
2022-12-09,27.84000015258789,28.6299991607666,27.530000686645508,27.6200008392334,26.46377182006836,141300
2022-12-12,27.739999771118164,28.979999542236328,27.0,28.979999542236328,27.76683807373047,169500
2022-12-13,32.680999755859375,32.970001220703125,29.350000381469727,30.270000457763672,29.00284004211425,379900
2022-12-14,30.299999237060547,31.0,28.38999938964844,29.40999984741211,28.1788387298584,261200
2022-12-15,27.520000457763672,27.8700008392334,26.13999938964844,26.43000030517578,25.323585510253903,426400
2022-12-16,25.729999542236328,26.55299949645996,24.93000030517578,25.43000030517578,24.36545181274414,201900
2022-12-19,25.600000381469727,25.600000381469727,23.670000076293945,24.06999969482422,23.0623836517334,261700
2022-12-20,23.670000076293945,24.64999961853028,23.37800025939941,24.040000915527344,23.03363800048828,212700
2022-12-21,24.700000762939453,25.809999465942383,24.57999992370605,25.6299991607666,24.55707740783692,204900
2022-12-22,24.40999984741211,24.416000366210938,22.0,23.489999771118164,22.50665855407715,376300
2022-12-23,23.24099922180176,23.670000076293945,22.540000915527344,23.670000076293945,22.67912483215332,152600
2022-12-27,23.43000030517578,23.56999969482422,22.56999969482422,22.86000061035156,21.90303611755371,83000
2022-12-28,22.809999465942383,23.209999084472656,21.663000106811523,21.780000686645508,20.86824607849121,156400
2022-12-29,22.43000030517578,23.940000534057617,22.3700008392334,23.850000381469727,22.851593017578125,139800
2022-12-30,22.84000015258789,23.690000534057617,22.46999931335449,23.690000534057617,22.69828987121582,161500
2023-01-03,24.780000686645508,25.14999961853028,22.940000534057617,23.420000076293945,22.439594268798828,239100
2023-01-04,24.200000762939453,25.75,24.11000061035156,25.40999984741211,24.34628868103028,306900
2023-01-05,24.64999961853028,24.917999267578125,23.8700008392334,24.39999961853028,23.37856674194336,152100
2023-01-06,25.200000762939453,26.65900039672852,24.01000022888184,26.3799991607666,25.275680541992188,346500
2023-01-09,27.020000457763672,28.6200008392334,26.959999084472656,27.440000534057617,26.291309356689453,238800
2023-01-10,27.01000022888184,28.530000686645508,26.790000915527344,28.51000022888184,27.31651496887207,90900
2023-01-11,28.600000381469727,29.950000762939453,28.420000076293945,29.88999938964844,28.63874626159668,184900
2023-01-12,30.32999992370605,31.06999969482422,28.84499931335449,30.84000015258789,29.548974990844727,239400
2023-01-13,29.31999969482422,31.229999542236328,29.299999237060547,31.200000762939453,29.893909454345703,182500
2023-01-17,31.06999969482422,31.8700008392334,30.809999465942383,31.68000030517578,30.35381507873535,74100
2023-01-18,32.18000030517578,33.369998931884766,30.479999542236328,30.56999969482422,29.2902774810791,276400
2023-01-19,29.46999931335449,29.709999084472656,28.229999542236328,28.68000030517578,27.47939682006836,156600
2023-01-20,29.540000915527344,31.600000381469727,29.09000015258789,31.59000015258789,30.26758003234864,241900
2023-01-23,32.04999923706055,34.61000061035156,31.940000534057617,34.369998931884766,32.93120193481445,224200
2023-01-24,33.5099983215332,34.439998626708984,33.25,33.70000076293945,32.28925323486328,166300
2023-01-25,32.099998474121094,34.08000183105469,31.201000213623047,33.97999954223633,32.55752944946289,170500
2023-01-26,35.25,35.61000061035156,33.810001373291016,35.61000061035156,34.119293212890625,137300
2023-01-27,34.90999984741211,36.900001525878906,34.72999954223633,36.119998931884766,34.60794448852539,144400
2023-01-30,34.72999954223633,35.540000915527344,33.66999816894531,33.77000045776367,32.356327056884766,181600
2023-01-31,34.02000045776367,36.09999847412109,33.90999984741211,36.09999847412109,34.58878326416016,290000
2023-02-01,35.619998931884766,40.04999923706055,35.619998931884766,39.380001068115234,37.731483459472656,336500
2023-02-02,41.400001525878906,43.9900016784668,41.23199844360352,43.0,41.1999397277832,343700
2023-02-03,40.040000915527344,42.70000076293945,39.790000915527344,40.36000061035156,38.670448303222656,200200
2023-02-06,38.709999084472656,39.79199981689453,38.22999954223633,38.619998931884766,37.00328063964844,102000
2023-02-07,38.65999984741211,41.47999954223633,38.0,41.09000015258789,39.36989212036133,198600
2023-02-08,40.470001220703125,41.02999877929688,38.66999816894531,38.970001220703125,37.338645935058594,131700
2023-02-09,40.93999862670898,41.560001373291016,37.7599983215332,38.310001373291016,36.70626831054688,163600
2023-02-10,37.290000915527344,37.58000183105469,36.119998931884766,36.790000915527344,35.249900817871094,163200
2023-02-13,37.119998931884766,38.85100173950195,36.540000915527344,38.84999847412109,37.223663330078125,159300
2023-02-14,37.869998931884766,40.382999420166016,37.220001220703125,39.75,38.08598327636719,199500
2023-02-15,39.16999816894531,41.040000915527344,38.869998931884766,40.970001220703125,39.25491714477539,105900
2023-02-16,38.95000076293945,39.97999954223633,38.0099983215332,38.040000915527344,36.44756317138672,203800
2023-02-17,37.11000061035156,37.2400016784668,35.52000045776367,36.70000076293945,35.163658142089844,209600
2023-02-21,35.22999954223633,35.599998474121094,32.9900016784668,32.9900016784668,31.608976364135746,300900
2023-02-22,33.459999084472656,34.06999969482422,32.625999450683594,33.18000030517578,31.79101753234864,159100
2023-02-23,34.369998931884766,34.72999954223633,32.5099983215332,34.20000076293945,32.7683219909668,109300
2023-02-24,32.25,32.5,31.5,32.13999938964844,30.7945556640625,142100
2023-02-27,33.3849983215332,33.75,32.465999603271484,32.630001068115234,31.26404571533203,109100
2023-02-28,32.31999969482422,33.50199890136719,32.22999954223633,32.720001220703125,31.35027503967285,89000
2023-03-01,32.81999969482422,33.310001373291016,32.099998474121094,32.40999984741211,31.05325126647949,86500
2023-03-02,31.450000762939453,33.380001068115234,31.15999984741211,33.130001068115234,31.74311065673828,116800
2023-03-03,33.959999084472656,35.47999954223633,33.560001373291016,35.33000183105469,33.851016998291016,215900
2023-03-06,35.66999816894531,36.31999969482422,34.310001373291016,34.400001525878906,32.9599494934082,158600
2023-03-07,34.290000915527344,34.90999984741211,32.81999969482422,32.93000030517578,31.551485061645508,128600
2023-03-08,32.869998931884766,33.72999954223633,32.560001373291016,33.619998931884766,32.21260070800781,91100
2023-03-09,33.40999984741211,33.90999984741211,30.0,30.11000061035156,28.84953689575196,361300
2023-03-10,29.93000030517578,30.18000030517578,26.75200080871582,27.549999237060547,26.396703720092773,401500
2023-03-13,25.540000915527344,27.420000076293945,24.43000030517578,26.46999931335449,25.36191368103028,356900
2023-03-14,27.86000061035156,28.382999420166016,26.450000762939453,27.59000015258789,26.435028076171875,207400
2023-03-15,25.65999984741211,26.32900047302246,24.690000534057617,26.09000015258789,24.997821807861328,251300
2023-03-16,25.540000915527344,28.1200008392334,25.459999084472656,27.84000015258789,26.674560546875,457100
2023-03-17,27.63999938964844,27.81999969482422,25.8799991607666,26.450000762939453,25.342748641967773,403400
2023-03-20,26.63999938964844,27.386999130249023,26.190000534057617,26.93000030517578,25.802658081054688,150400
2023-03-21,27.989999771118164,28.85199928283692,27.82999992370605,28.61000061035156,27.454126358032227,176000
2023-03-22,28.63999938964844,29.54599952697754,26.670000076293945,26.68000030517578,25.60209846496582,454800
2023-03-23,27.59000015258789,29.030000686645508,26.38999938964844,27.34000015258789,26.23543930053711,209800
2023-03-24,26.84000015258789,27.020000457763672,25.709999084472656,27.0,25.9091739654541,316800
2023-03-27,27.549999237060547,27.8799991607666,26.3700008392334,26.850000381469727,25.76523399353028,180600
2023-03-28,26.75,26.88999938964844,26.01000022888184,26.56999969482422,25.496543884277344,83500
2023-03-29,27.71999931335449,28.709999084472656,27.3700008392334,28.559999465942383,27.406147003173828,213200
2023-03-30,29.559999465942383,29.93000030517578,28.920000076293945,29.31999969482422,28.13544273376465,253900
2023-03-31,29.61000061035156,30.940000534057617,29.37700080871582,30.809999465942383,29.56524658203125,325700
2023-04-03,30.34000015258789,30.63999938964844,29.3700008392334,30.190000534057617,28.970293045043945,170900
2023-04-04,30.549999237060547,30.549999237060547,28.64999961853028,29.09000015258789,27.914737701416016,131500
2023-04-05,28.729999542236328,28.729999542236328,26.86000061035156,27.3799991607666,26.27381896972656,184300
2023-04-06,27.040000915527344,27.56999969482422,26.290000915527344,27.38999938964844,26.283416748046875,227400
2023-04-10,26.701000213623047,28.459999084472656,26.691999435424805,28.459999084472656,27.3101863861084,184800
2023-04-11,28.76000022888184,29.25,28.350000381469727,28.799999237060547,27.63644790649414,111600
2023-04-12,29.51000022888184,29.700000762939453,27.229999542236328,27.39999961853028,26.293012619018555,178700
2023-04-13,27.81999969482422,28.71999931335449,27.670000076293945,28.489999771118164,27.338977813720703,119100
2023-04-14,28.229999542236328,29.200000762939453,27.46199989318848,28.1299991607666,26.993518829345703,94900
2023-04-17,28.07999992370605,28.559999465942383,27.715999603271484,28.559999465942383,27.406147003173828,88100
2023-04-18,29.18000030517578,29.356000900268555,28.32999992370605,28.700000762939453,27.54049301147461,116400
2023-04-19,27.979999542236328,28.82999992370605,27.920000076293945,28.57999992370605,27.425338745117188,125000
2023-04-20,27.690000534057617,28.65999984741211,27.47900009155273,27.790000915527344,26.66725349426269,192000
2023-04-21,27.76000022888184,27.770999908447266,26.959999084472656,27.56999969482422,26.45614624023437,80800
2023-04-24,27.57999992370605,27.850000381469727,27.0,27.65999984741211,26.54250907897949,67900
2023-04-25,27.15999984741211,27.15999984741211,25.020000457763672,25.020000457763672,24.00916862487793,169000
2023-04-26,25.100000381469727,25.34000015258789,24.200000762939453,24.39999961853028,23.414215087890625,155700
2023-04-27,24.90999984741211,25.690000534057617,24.420000076293945,25.59000015258789,24.556137084960938,121000
2023-04-28,25.56999969482422,26.8700008392334,25.36000061035156,26.86000061035156,25.77482795715332,183100
2023-05-01,26.89999961853028,27.38599967956543,26.61000061035156,26.81999969482422,25.7364444732666,63200
2023-05-02,26.459999084472656,26.49099922180176,24.729999542236328,25.530000686645508,24.49856376647949,111500
2023-05-03,25.51000022888184,26.440000534057617,24.940000534057617,25.059999465942383,24.04754638671875,203300
2023-05-04,25.059999465942383,25.059999465942383,23.84499931335449,24.11000061035156,23.13593482971192,226400
2023-05-05,24.71999931335449,25.71999931335449,24.5,25.420000076293945,24.39300537109375,285200
2023-05-08,25.64999961853028,25.732999801635746,25.0,25.6299991607666,24.59452247619629,87900
2023-05-09,25.030000686645508,25.15999984741211,24.690000534057617,24.940000534057617,23.93239974975586,103200
2023-05-10,25.93000030517578,25.989999771118164,24.31999969482422,25.21999931335449,24.201086044311523,164700
2023-05-11,25.1200008392334,25.1200008392334,24.34000015258789,24.799999237060547,23.79805564880371,81400
2023-05-12,25.1200008392334,25.1200008392334,23.84000015258789,24.420000076293945,23.433406829833984,100200
2023-05-15,24.809999465942383,25.76000022888184,24.39999961853028,25.690000534057617,24.652099609375,248700
2023-05-16,25.5,25.57999992370605,24.8799991607666,24.8799991607666,23.87482452392578,83500
2023-05-17,25.43000030517578,26.88999938964844,25.299999237060547,26.6200008392334,25.544527053833008,289600
2023-05-18,26.850000381469727,28.459999084472656,26.753999710083008,28.32999992370605,27.18543815612793,317300
2023-05-19,28.420000076293945,28.420000076293945,27.261999130249023,27.6200008392334,26.50412368774414,182100
2023-05-22,27.670000076293945,28.799999237060547,27.59000015258789,28.450000762939453,27.30059242248535,148600
2023-05-23,27.850000381469727,28.84000015258789,27.3799991607666,27.420000076293945,26.31220436096192,133000
2023-05-24,26.739999771118164,26.739999771118164,25.6200008392334,26.21999931335449,25.16068458557129,194600
2023-05-25,27.280000686645508,27.6299991607666,26.64999961853028,27.34000015258789,26.23543930053711,207100
2023-05-26,27.76000022888184,29.59000015258789,27.76000022888184,29.36000061035156,28.173826217651367,222800
2023-05-30,30.5,30.76700019836425,29.200000762939453,29.6200008392334,28.423322677612305,168200
2023-05-31,28.84000015258789,29.1299991607666,27.48500061035156,28.21999931335449,27.07988166809082,168500
2023-06-01,28.36000061035156,30.049999237060547,27.770000457763672,29.540000915527344,28.346553802490234,150300
2023-06-02,30.770000457763672,31.88999938964844,30.190000534057617,31.559999465942383,30.284942626953125,205100
2023-06-05,31.489999771118164,31.76000022888184,30.540000915527344,31.209999084472656,29.949087142944336,81000
2023-06-06,30.89999961853028,33.06999969482422,30.815000534057617,32.70000076293945,31.378889083862305,119400
2023-06-07,33.16999816894531,33.95800018310547,32.529998779296875,32.869998931884766,31.54201889038086,163400
2023-06-08,32.599998474121094,33.349998474121094,32.04999923706055,33.11000061035156,31.77232360839844,119000
2023-06-09,33.779998779296875,34.13999938964844,33.0,33.220001220703125,31.87788391113281,111200
2023-06-12,33.86000061035156,35.15999984741211,33.70000076293945,35.06999969482422,33.65314102172852,177000
2023-06-13,36.040000915527344,37.0099983215332,36.040000915527344,36.900001525878906,35.40920639038086,143900
2023-06-14,37.0,37.63800048828125,35.45000076293945,36.900001525878906,35.40920639038086,266600
2023-06-15,35.959999084472656,38.11000061035156,35.79999923706055,37.7400016784668,36.21527099609375,248800
2023-06-16,38.52999877929688,38.52999877929688,36.48199844360352,36.720001220703125,35.236480712890625,149800
2023-06-20,36.06999969482422,36.37900161743164,35.012001037597656,36.09999847412109,34.64152526855469,121900
2023-06-21,35.540000915527344,35.64699935913086,34.5,34.790000915527344,33.444671630859375,184800
2023-06-22,34.279998779296875,34.540000915527344,33.66999816894531,34.310001373291016,32.98322677612305,116000
2023-06-23,33.2400016784668,33.90999984741211,32.88999938964844,33.34000015258789,32.05073928833008,115000
2023-06-26,33.220001220703125,34.41999816894531,33.220001220703125,33.2400016784668,31.9546012878418,184600
2023-06-27,33.59000015258789,35.97999954223633,33.59000015258789,35.83000183105469,34.444454193115234,121300
2023-06-28,35.52000045776367,36.619998931884766,35.1870002746582,36.310001373291016,34.90589141845703,132900
2023-06-29,36.619998931884766,37.08000183105469,36.0099983215332,36.68999862670898,35.27119064331055,96400
2023-06-30,37.630001068115234,38.470001220703125,37.345001220703125,38.09000015258789,36.61705780029297,179800
2023-07-03,38.09000015258789,38.790000915527344,38.09000015258789,38.70000076293945,37.20346450805664,141300
2023-07-05,38.15999984741211,38.16999816894531,37.560001373291016,37.619998931884766,36.16523361206055,149000
2023-07-06,36.150001525878906,36.31999969482422,34.79999923706055,36.18000030517578,34.78092193603516,136800
2023-07-07,36.16999816894531,38.1879997253418,36.16999816894531,36.9900016784668,35.55959701538086,123200
2023-07-10,37.040000915527344,39.060001373291016,36.869998931884766,39.060001373291016,37.54954528808594,134500
2023-07-11,39.470001220703125,40.41999816894531,38.9900016784668,40.27000045776367,38.7127571105957,99900
2023-07-12,41.81999969482422,42.02000045776367,41.060001373291016,41.470001220703125,39.86635208129883,154000
2023-07-13,42.11000061035156,43.07600021362305,42.0,42.90999984741211,41.25066757202149,103200
2023-07-14,42.720001220703125,42.792999267578125,40.880001068115234,41.209999084472656,39.61641311645508,110200
2023-07-17,40.86000061035156,42.81999969482422,40.84000015258789,42.43999862670898,40.7988395690918,97900
2023-07-18,42.2400016784668,43.79999923706055,42.06999969482422,43.630001068115234,41.94282150268555,171500
2023-07-19,44.0,44.36000061035156,43.45000076293945,43.91999816894531,42.22160720825195,112700
2023-07-20,42.59999847412109,42.685001373291016,40.68999862670898,40.9900016784668,39.404911041259766,134600
2023-07-21,41.86000061035156,41.86000061035156,40.61000061035156,40.88999938964844,39.30877304077149,39400
2023-07-24,41.20000076293945,41.369998931884766,40.130001068115234,41.11000061035156,39.52027893066406,86200
2023-07-25,40.900001525878906,41.90999984741211,40.900001525878906,41.27999877929688,39.68370056152344,89500
2023-07-26,41.0,42.02799987792969,40.5,41.63999938964844,40.02977752685547,71300
2023-07-27,43.709999084472656,44.06999969482422,41.005001068115234,41.380001068115234,39.77983093261719,135800
2023-07-28,43.0099983215332,43.40999984741211,42.40999984741211,43.209999084472656,41.53907012939453,116100
2023-07-31,43.7400016784668,44.29999923706055,43.52999877929688,44.119998931884766,42.41387939453125,55000
2023-08-01,42.65999984741211,43.25,42.06999969482422,43.060001373291016,41.39487075805664,49700
2023-08-02,41.970001220703125,41.970001220703125,38.54999923706055,39.15999984741211,37.64567565917969,179100
2023-08-03,38.0099983215332,38.560001373291016,37.36000061035156,37.959999084472656,36.49208450317383,106200
2023-08-04,38.29999923706055,39.33000183105469,37.42499923706055,37.7400016784668,36.28059005737305,103300
2023-08-07,38.31999969482422,38.880001068115234,37.91999816894531,38.810001373291016,37.30921173095703,51500
2023-08-08,37.40999984741211,38.29999923706055,36.4900016784668,38.22999954223633,36.75163650512695,90700
2023-08-09,38.31999969482422,38.31999969482422,36.68000030517578,36.790000915527344,35.36732482910156,69100
2023-08-10,37.68999862670898,38.5,36.13999938964844,36.65999984741211,35.24235153198242,103000
2023-08-11,35.900001525878906,36.310001373291016,35.31999969482422,35.560001373291016,34.18489074707031,62100
2023-08-14,35.20000076293945,36.43999862670898,34.70000076293945,36.43999862670898,35.03086471557617,104100
2023-08-15,35.83000183105469,35.83000183105469,34.5,34.650001525878906,33.31008529663086,59500
2023-08-16,34.36000061035156,34.650001525878906,32.959999084472656,32.959999084472656,31.6854305267334,111100
2023-08-17,33.59000015258789,33.59000015258789,31.790000915527344,31.920000076293945,30.685651779174805,145300
2023-08-18,31.030000686645508,32.189998626708984,30.56999969482422,31.920000076293945,30.685651779174805,121100
2023-08-21,32.380001068115234,32.7400016784668,31.61000061035156,32.599998474121094,31.339353561401367,133700
2023-08-22,33.11000061035156,33.220001220703125,31.799999237060547,31.940000534057617,30.704877853393555,114100
2023-08-23,31.920000076293945,33.64799880981445,31.790000915527344,33.439998626708984,32.14686965942383,147800
2023-08-24,34.0,34.0,31.57999992370605,31.57999992370605,30.35879898071289,135600
2023-08-25,32.08000183105469,32.62799835205078,30.76000022888184,32.20000076293945,30.954822540283203,233100
2023-08-28,32.900001525878906,33.4900016784668,32.84000015258789,33.2599983215332,31.97383499145508,104700
2023-08-29,33.13999938964844,35.4900016784668,32.939998626708984,35.33000183105469,33.96378326416016,128200
2023-08-30,35.2599983215332,35.97999954223633,34.84700012207031,35.709999084472656,34.3290901184082,111400
2023-08-31,36.0,36.65999984741211,35.959999084472656,36.18999862670898,34.79052734375,211100
2023-09-01,36.81999969482422,37.220001220703125,36.27999877929688,36.709999084472656,35.29042434692383,63500
2023-09-05,36.27000045776367,36.400001525878906,35.54999923706055,35.59000015258789,34.21372985839844,109100
2023-09-06,35.2400016784668,35.720001220703125,34.290000915527344,35.150001525878906,33.79074478149414,86300
2023-09-07,33.790000915527344,33.95000076293945,32.630001068115234,33.33000183105469,32.0411262512207,129900
2023-09-08,33.349998474121094,33.52399826049805,32.95000076293945,33.16999816894531,31.887306213378903,95300
2023-09-11,34.130001068115234,34.209999084472656,33.099998474121094,33.40999984741211,32.118038177490234,80100
2023-09-12,33.13999938964844,33.68000030517578,32.68000030517578,32.83000183105469,31.560461044311523,58600
2023-09-13,32.93000030517578,33.0,31.850000381469727,32.22999954223633,30.98365974426269,58400
2023-09-14,33.0,33.5,32.459999084472656,33.38999938964844,32.09880447387695,57100
2023-09-15,32.970001220703125,33.02000045776367,31.989999771118164,32.18000030517578,30.935596466064453,81600
2023-09-18,31.920000076293945,31.920000076293945,31.36100006103516,31.59000015258789,30.368412017822266,32200
2023-09-19,31.200000762939453,31.3799991607666,30.6299991607666,31.239999771118164,30.10150909423828,49800
2023-09-20,31.65999984741211,32.040000915527344,30.06999969482422,30.15999984741211,29.06086540222168,105300
2023-09-21,29.280000686645508,29.299999237060547,28.1200008392334,28.1200008392334,27.09521102905273,160000
2023-09-22,28.530000686645508,28.71999931335449,27.573999404907227,27.65999984741211,26.651973724365234,72500
2023-09-25,27.209999084472656,27.940000534057617,27.11000061035156,27.8799991607666,26.863956451416016,62500
2023-09-26,27.07999992370605,27.57999992370605,26.400999069213867,26.540000915527344,25.57279586791992,138700
2023-09-27,26.89999961853028,27.26799964904785,26.05500030517578,26.8700008392334,25.890764236450195,136600
2023-09-28,26.61000061035156,28.420000076293945,26.5,27.93000030517578,26.91213607788086,128000
2023-09-29,28.780000686645508,29.26000022888184,27.76000022888184,28.06999969482422,27.04702949523925,126400
2023-10-02,27.809999465942383,28.25,26.959999084472656,27.489999771118164,26.488170623779297,122100
2023-10-03,26.770000457763672,27.280000686645508,25.28700065612793,25.63999938964844,24.7055892944336,228700
2023-10-04,25.770000457763672,26.46699905395508,25.26000022888184,26.36000061035156,25.39935302734375,137400
2023-10-05,26.290000915527344,26.459999084472656,25.270000457763672,25.959999084472656,25.0139274597168,89900
2023-10-06,25.229999542236328,27.448999404907227,25.049999237060547,27.040000915527344,26.0545711517334,298900
2023-10-09,26.049999237060547,27.239999771118164,25.77300071716309,27.1200008392334,26.13165664672852,125100
2023-10-10,27.32999992370605,28.71999931335449,27.32999992370605,28.06999969482422,27.04702949523925,177200
2023-10-11,28.290000915527344,28.78300094604492,27.731000900268555,28.56999969482422,27.528812408447266,266700
2023-10-12,28.600000381469727,28.600000381469727,26.690000534057617,27.270000457763672,26.276185989379883,311000
2023-10-13,27.40999984741211,27.40999984741211,25.600000381469727,25.8799991607666,24.936843872070312,129900
2023-10-16,26.290000915527344,27.32999992370605,26.229999542236328,27.14999961853028,26.16056060791016,184800
2023-10-17,26.170000076293945,28.13999938964844,26.170000076293945,27.6299991607666,26.62306785583496,89700
2023-10-18,26.82999992370605,26.84000015258789,25.479999542236328,25.670000076293945,24.7344970703125,350400
2023-10-19,25.61000061035156,25.96999931335449,24.14299964904785,24.229999542236328,23.346973419189453,235000
2023-10-20,24.07999992370605,24.07999992370605,22.850000381469727,22.89999961853028,22.065444946289062,210300
2023-10-23,22.51000022888184,23.60700035095215,22.0,22.670000076293945,21.843826293945312,189000
2023-10-24,23.100000381469727,23.5,22.479999542236328,23.0,22.161800384521484,315400
2023-10-25,22.530000686645508,22.530000686645508,20.959999084472656,21.11000061035156,20.340681076049805,456700
2023-10-26,21.059999465942383,21.450000762939453,20.420000076293945,20.71999931335449,19.96489143371582,657200
2023-10-27,21.1299991607666,21.200000762939453,20.11000061035156,20.270000457763672,19.53129005432129,224200
2023-10-30,20.770000457763672,21.06999969482422,20.0,20.75,19.99380111694336,346900
2023-10-31,20.61000061035156,21.13999938964844,20.21999931335449,20.989999771118164,20.22505187988281,133700
2023-11-01,20.82999992370605,21.05500030517578,20.049999237060547,21.049999237060547,20.28286361694336,176200
2023-11-02,21.93000030517578,23.0,21.86000061035156,22.959999084472656,22.123254776000977,332500
2023-11-03,23.6200008392334,25.290000915527344,23.6200008392334,24.8700008392334,23.96365547180176,493200
2023-11-06,25.030000686645508,25.030000686645508,23.57999992370605,24.1200008392334,23.24098396301269,238700
2023-11-07,24.06999969482422,24.729999542236328,23.834999084472656,24.56999969482422,23.674585342407227,144300
2023-11-08,24.51000022888184,24.770000457763672,24.06999969482422,24.43000030517578,23.53968620300293,282700
2023-11-09,24.780000686645508,24.82999992370605,23.309999465942383,23.38999938964844,22.537586212158203,154800
2023-11-10,23.799999237060547,24.90900039672852,23.280000686645508,24.86000061035156,23.95401382446289,348100
2023-11-13,24.440000534057617,24.68600082397461,23.979999542236328,24.420000076293945,23.5300521850586,134100
2023-11-14,26.229999542236328,27.979999542236328,26.229999542236328,27.6299991607666,26.62306785583496,412000
2023-11-15,28.09000015258789,29.40999984741211,28.059999465942383,28.700000762939453,27.65407371520996,311700
2023-11-16,28.440000534057617,28.700000762939453,27.780000686645508,28.21999931335449,27.19156265258789,93900
2023-11-17,28.5,28.90999984741211,28.270000457763672,28.90999984741211,27.85641860961914,108500
2023-11-20,28.950000762939453,29.84000015258789,28.64999961853028,29.68000030517578,28.598358154296875,141500
2023-11-21,29.059999465942383,29.100000381469727,28.46999931335449,28.68000030517578,27.634803771972656,122700
2023-11-22,29.280000686645508,29.677000045776367,28.84000015258789,29.059999465942383,28.000953674316406,77500
2023-11-24,28.920000076293945,29.266000747680664,28.75,29.190000534057617,28.1262149810791,45900
2023-11-27,28.809999465942383,29.31100082397461,28.600000381469727,28.989999771118164,27.933502197265625,63900
2023-11-28,28.850000381469727,29.5,28.3799991607666,29.21999931335449,28.155122756958008,217600
2023-11-29,30.209999084472656,31.31999969482422,30.209999084472656,30.32999992370605,29.224672317504883,358400
2023-11-30,30.71999931335449,30.71999931335449,29.81999969482422,30.239999771118164,29.137948989868164,93900
2023-12-01,30.18000030517578,32.91999816894531,30.05900001525879,32.84000015258789,31.64319610595703,294900
2023-12-04,32.060001373291016,33.099998474121094,31.950000762939453,32.81999969482422,31.62392807006836,450600
2023-12-05,31.989999771118164,32.21900177001953,31.299999237060547,31.770000457763672,30.61219024658203,82100
2023-12-06,32.689998626708984,33.435001373291016,31.690000534057617,31.770000457763672,30.61219024658203,296000
2023-12-07,32.369998931884766,33.0,31.895999908447266,32.88999938964844,31.69137954711914,89400
2023-12-08,32.90999984741211,34.20000076293945,32.75,33.75,32.52003860473633,131500
2023-12-11,33.869998931884766,35.06999969482422,33.7599983215332,34.84000015258789,33.57030487060547,116500
2023-12-12,34.84000015258789,35.02399826049805,34.09000015258789,34.91999816894531,33.647396087646484,73700
2023-12-13,34.869998931884766,38.02000045776367,34.39799880981445,37.9900016784668,36.60551834106445,395300
2023-12-14,39.619998931884766,42.52000045776367,39.59999847412109,41.84000015258789,40.31520462036133,436700
2023-12-15,41.65999984741211,42.38999938964844,41.0,41.34999847412109,39.84305953979492,151400
2023-12-18,41.650001525878906,41.650001525878906,40.70000076293945,41.18999862670898,39.68889617919922,89300
2023-12-19,41.79999923706055,43.0,41.79999923706055,42.880001068115234,41.31731033325195,209300
2023-12-20,42.33000183105469,43.209999084472656,39.77999877929688,39.810001373291016,38.359188079833984,337700
2023-12-21,41.507999420166016,42.34000015258789,41.02799987792969,42.34000015258789,40.91415023803711,428300
2023-12-22,42.84000015258789,43.33000183105469,41.70199966430664,42.5,41.06876373291016,103900
2023-12-26,42.93999862670898,43.744998931884766,42.62699890136719,43.470001220703125,42.00609588623047,52700
2023-12-27,43.77000045776367,43.84999847412109,43.125,43.5099983215332,42.04473876953125,95600
2023-12-28,43.77000045776367,44.09999847412109,43.505001068115234,43.84999847412109,42.373294830322266,68100
2023-12-29,43.61000061035156,44.0,42.310001373291016,42.52000045776367,41.08808135986328,152700
2024-01-02,41.38999938964844,41.38999938964844,39.75,40.459999084472656,39.09745788574219,157300
2024-01-03,38.869998931884766,38.869998931884766,36.459999084472656,36.9900016784668,35.744319915771484,225600
2024-01-04,36.52999877929688,37.57400131225586,36.27999877929688,36.81999969482422,35.58003616333008,86000
2024-01-05,36.52000045776367,38.34999847412109,36.2599983215332,37.47999954223633,36.21781539916992,274300
2024-01-08,37.720001220703125,39.81700134277344,37.650001525878906,39.810001373291016,38.4693489074707,115700
2024-01-09,38.790000915527344,39.880001068115234,38.5099983215332,39.33000183105469,38.005516052246094,168900
2024-01-10,39.209999084472656,39.84999847412109,38.27999877929688,39.59000015258789,38.25675964355469,201500
2024-01-11,39.47999954223633,39.64799880981445,37.5,39.0099983215332,37.696285247802734,267700
2024-01-12,39.47999954223633,39.7400016784668,37.59000015258789,37.900001525878906,36.62367248535156,207200
2024-01-16,37.04999923706055,37.68999862670898,36.34000015258789,37.20000076293945,35.94724655151367,245000
2024-01-17,35.939998626708984,36.09000015258789,35.06999969482422,35.95000076293945,34.73933792114258,133900
2024-01-18,36.880001068115234,37.32899856567383,35.926998138427734,37.2599983215332,36.00522232055664,116100
2024-01-19,37.650001525878906,39.13999938964844,37.005001068115234,39.13999938964844,37.82191467285156,205000
2024-01-22,39.810001373291016,41.02999877929688,39.63999938964844,40.20000076293945,38.84621047973633,256100
2024-01-23,40.61000061035156,40.84000015258789,39.52000045776367,40.119998931884766,38.76890563964844,73300
2024-01-24,41.47999954223633,41.52999877929688,39.79100036621094,39.90999984741211,38.56597900390625,210500
2024-01-25,41.27000045776367,41.38999938964844,40.29999923706055,40.95000076293945,39.57095718383789,134700
2024-01-26,40.65999984741211,41.09000015258789,40.130001068115234,40.2400016784668,38.88486862182617,64400
2024-01-29,40.310001373291016,42.0099983215332,40.130001068115234,41.95000076293945,40.53728103637695,100400
2024-01-30,41.560001373291016,42.0,41.060001373291016,41.08000183105469,39.69657516479492,44800
2024-01-31,40.09999847412109,41.400001525878906,38.58000183105469,38.72999954223633,37.42571640014648,121100
2024-02-01,39.619998931884766,40.130001068115234,37.76399993896485,40.040000915527344,38.69160461425781,96600
2024-02-02,39.38999938964844,41.150001525878906,38.810001373291016,40.709999084472656,39.33903503417969,148000
2024-02-05,40.61000061035156,40.61000061035156,39.10200119018555,40.18999862670898,38.8365478515625,68900
2024-02-06,40.22999954223633,40.59999847412109,39.7400016784668,40.5,39.1361083984375,49200
2024-02-07,41.27000045776367,41.63999938964844,39.790000915527344,41.220001220703125,39.83186340332031,200700
2024-02-08,41.0,42.38999938964844,41.0,42.09000015258789,40.67256164550781,78200
2024-02-09,42.33000183105469,42.93999862670898,41.790000915527344,42.720001220703125,41.28135299682617,172200
2024-02-12,42.790000915527344,45.13999938964844,42.790000915527344,44.02999877929688,42.54723739624024,92500
2024-02-13,40.54999923706055,41.02999877929688,39.040000915527344,40.130001068115234,38.778568267822266,165100
2024-02-14,41.0099983215332,42.290000915527344,40.720001220703125,42.290000915527344,40.86582565307617,67500
2024-02-15,43.0099983215332,44.09999847412109,42.9900016784668,43.83000183105469,42.35396957397461,96200
2024-02-16,43.150001525878906,43.47999954223633,42.209999084472656,42.36000061035156,40.9334716796875,74100
2024-02-20,41.34000015258789,41.34000015258789,40.34999847412109,41.04999923706055,39.66758346557617,88100
2024-02-21,40.0099983215332,40.709999084472656,39.810001373291016,40.68999862670898,39.31970977783203,67100
2024-02-22,42.47999954223633,43.0,41.970001220703125,42.38999938964844,40.96246337890625,129500
2024-02-23,42.459999084472656,42.61000061035156,41.81999969482422,41.93999862670898,40.527610778808594,91600
2024-02-26,41.9900016784668,42.5,41.27999877929688,41.459999084472656,40.06378173828125,128800
2024-02-27,42.41999816894531,43.025001525878906,42.375,42.84000015258789,41.397308349609375,59900
2024-02-28,41.91999816894531,42.91400146484375,41.75,42.27999877929688,40.85617065429688,43800
2024-02-29,43.27999877929688,44.369998931884766,42.84000015258789,43.959999084472656,42.47958755493164,354300
2024-03-01,44.09000015258789,45.775001525878906,43.31999969482422,45.560001373291016,44.02571105957031,104400
2024-03-04,45.880001068115234,46.0099983215332,45.09000015258789,45.09999847412109,43.581199645996094,123600
2024-03-05,44.0099983215332,44.72999954223633,43.150001525878906,43.65999984741211,42.189697265625,70200
2024-03-06,45.040000915527344,45.12699890136719,43.96099853515625,44.59000015258789,43.08837127685547,76600
2024-03-07,45.59000015258789,46.86899948120117,45.59000015258789,46.459999084472656,44.8953971862793,52900
2024-03-08,47.369998931884766,48.1349983215332,45.68000030517578,45.84000015258789,44.2962760925293,109800
2024-03-11,45.310001373291016,45.87799835205078,44.60100173950195,45.59999847412109,44.064361572265625,29100
2024-03-12,45.91999816894531,46.30799865722656,44.83000183105469,46.06999969482422,44.51853942871094,50600
2024-03-13,45.65999984741211,46.54999923706055,45.40999984741211,45.72999954223633,44.18998336791992,29300
2024-03-14,45.2400016784668,45.244998931884766,42.15999984741211,43.119998931884766,41.667877197265625,97200
2024-03-15,42.290000915527344,42.94499969482422,42.04999923706055,42.18000030517578,40.75953674316406,79400
2024-03-18,43.20000076293945,43.310001373291016,42.38999938964844,42.84999847412109,41.40696716308594,34900
2024-03-19,42.02999877929688,43.13999938964844,41.810001373291016,43.130001068115234,41.82787322998047,45900
2024-03-20,43.040000915527344,46.11000061035156,42.97499847412109,46.02999877929688,44.64031219482422,79500
2024-03-21,47.16999816894531,48.41999816894531,47.16999816894531,47.70000076293945,46.25989532470703,78800
2024-03-22,47.25,47.7599983215332,46.209999084472656,46.29999923706055,44.90216445922852,43700
2024-03-25,45.93000030517578,46.45000076293945,45.83000183105469,45.93999862670898,44.55302810668945,38400
2024-03-26,46.59999847412109,47.0,45.45000076293945,45.470001220703125,44.09722137451172,61100
2024-03-27,46.54999923706055,48.34999847412109,46.09000015258789,48.2599983215332,46.8029899597168,74200
2024-03-28,48.40999984741211,49.20000076293945,48.40999984741211,48.9900016784668,47.51095199584961,60400
2024-04-01,49.25,49.540000915527344,47.63999938964844,47.90999984741211,46.46355438232422,68400
2024-04-02,46.41999816894531,46.41999816894531,44.86000061035156,45.45000076293945,44.077823638916016,74400
2024-04-03,44.869998931884766,46.14599990844727,44.75,46.040000915527344,44.65001678466797,84300
2024-04-04,47.43999862670898,47.80500030517578,43.70000076293945,43.90999984741211,42.584320068359375,83300
2024-04-05,44.0099983215332,45.060001373291016,43.560001373291016,44.619998931884766,43.27288055419922,53100
2024-04-08,45.18000030517578,46.37699890136719,45.18000030517578,46.04999923706055,44.659706115722656,40000
2024-04-09,46.68999862670898,47.290000915527344,45.52999877929688,47.290000915527344,45.86227798461914,82700
2024-04-10,44.27999877929688,44.77999877929688,42.5,43.34999847412109,42.04122543334961,160000
2024-04-11,43.650001525878906,44.28200149536133,42.09000015258789,44.119998931884766,42.78797912597656,75600
2024-04-12,42.52000045776367,42.61000061035156,40.46599960327149,40.88999938964844,39.655494689941406,139500
2024-04-15,42.13999938964844,42.5989990234375,38.56999969482422,39.150001525878906,37.9680290222168,139200
2024-04-16,38.630001068115234,39.0,37.68000030517578,38.29999923706055,37.14369201660156,89700
2024-04-17,39.06999969482422,39.12099838256836,37.25,37.59000015258789,36.45512390136719,84000
2024-04-18,37.7599983215332,38.584999084472656,36.68000030517578,37.04999923706055,35.93143081665039,57000
2024-04-19,37.02000045776367,37.65999984741211,36.0,36.43999862670898,35.339839935302734,76700
2024-04-22,37.04999923706055,38.23699951171875,36.38999938964844,37.70000076293945,36.561805725097656,78300
2024-04-23,37.81999969482422,39.900001525878906,37.81999969482422,39.540000915527344,38.34625244140625,62500
2024-04-24,40.0099983215332,40.83000183105469,39.119998931884766,40.11000061035156,38.899044036865234,86200
2024-04-25,39.209999084472656,40.150001525878906,37.86000061035156,39.810001373291016,38.60810470581055,85800
2024-04-26,40.04999923706055,41.41999816894531,40.04999923706055,40.900001525878906,39.66519546508789,42900
2024-04-29,41.47999954223633,42.08700180053711,41.0,41.77999877929688,40.51862716674805,58000
2024-04-30,40.880001068115234,41.358001708984375,39.06499862670898,39.09000015258789,37.90983963012695,102300
2024-05-01,38.29999923706055,40.43000030517578,37.15999984741211,37.70000076293945,36.561805725097656,131600
2024-05-02,38.59999847412109,39.02999877929688,36.77000045776367,38.86000061035156,37.68678283691406,94300
2024-05-03,40.63999938964844,41.5,39.810001373291016,39.93999862670898,38.73417663574219,125100
2024-05-06,40.869998931884766,41.59999847412109,40.775001525878906,41.59999847412109,40.34405899047852,129000
2024-05-07,41.540000915527344,41.83000183105469,40.52999877929688,40.52999877929688,39.30636596679688,85800
2024-05-08,39.52000045776367,40.459999084472656,39.20000076293945,40.43000030517578,39.20938491821289,41500
2024-05-09,40.09999847412109,40.869998931884766,39.7400016784668,40.81999969482422,39.58760452270508,65500
2024-05-10,41.369998931884766,41.619998931884766,40.63999938964844,40.88999938964844,39.655494689941406,81700
2024-05-13,41.380001068115234,42.02999877929688,41.0,41.20000076293945,39.95613479614258,44700
2024-05-14,41.88999938964844,42.619998931884766,41.88999938964844,42.52000045776367,41.23628234863281,58300
2024-05-15,43.86000061035156,44.209999084472656,43.20000076293945,44.130001068115234,42.79768371582031,118000
2024-05-16,44.02999877929688,44.13999938964844,43.119998931884766,43.13999938964844,41.83756256103516,75500
2024-05-17,43.20000076293945,43.45000076293945,42.5,43.0,41.7017936706543,34700
2024-05-20,43.27000045776367,44.15999984741211,43.27000045776367,43.79999923706055,42.47764205932617,73700
2024-05-21,43.15999984741211,43.61000061035156,42.77000045776367,43.47999954223633,42.16730117797852,27000
2024-05-22,43.290000915527344,43.880001068115234,42.540000915527344,43.220001220703125,41.91515350341797,51000
2024-05-23,44.310001373291016,44.310001373291016,40.512001037597656,40.95000076293945,39.71368408203125,156300
2024-05-24,41.72999954223633,42.54999923706055,41.43600082397461,42.36000061035156,41.08111572265625,67300
2024-05-28,42.86000061035156,42.86000061035156,41.41999816894531,42.27999877929688,41.00353240966797,57900
2024-05-29,40.40999984741211,40.40999984741211,39.97999954223633,40.06999969482422,38.86024856567383,39800
2024-05-30,39.77000045776367,40.0,39.22999954223633,39.61000061035156,38.41413879394531,60000
2024-05-31,40.0099983215332,40.49700164794922,37.880001068115234,40.31999969482422,39.10270309448242,77400
2024-06-03,41.150001525878906,41.41999816894531,38.33000183105469,39.83000183105469,38.62749862670898,78800
2024-06-04,39.27000045776367,39.6349983215332,38.5099983215332,39.0,37.82255554199219,39000
2024-06-05,39.9900016784668,41.310001373291016,39.43000030517578,41.27000045776367,40.02402114868164,54100
2024-06-06,41.130001068115234,41.220001220703125,40.810001373291016,41.0099983215332,39.77186965942383,35800
2024-06-07,40.209999084472656,40.89899826049805,39.73600006103516,40.08000183105469,38.86995315551758,32100
2024-06-10,39.380001068115234,41.130001068115234,39.119998931884766,40.959999084472656,39.72338485717773,57100
2024-06-11,40.18999862670898,40.54999923706055,39.220001220703125,40.33000183105469,39.112403869628906,34100
2024-06-12,42.5099983215332,44.02000045776367,42.2400016784668,42.63999938964844,41.3526611328125,69500
2024-06-13,42.720001220703125,43.0099983215332,41.77999877929688,42.369998931884766,41.09081268310547,69300
2024-06-14,41.45000076293945,41.59999847412109,40.310001373291016,41.02000045776367,39.78157424926758,42000
2024-06-17,40.77999877929688,42.20000076293945,40.130001068115234,41.93999862670898,40.673789978027344,47900
2024-06-18,42.09000015258789,42.79999923706055,42.05799865722656,42.459999084472656,41.17809677124024,58200
2024-06-20,42.5099983215332,42.59000015258789,41.0,41.4900016784668,40.23738479614258,45700
2024-06-21,41.77999877929688,41.77999877929688,40.369998931884766,41.68999862670898,40.43134307861328,29600
2024-06-24,41.31999969482422,41.88999938964844,40.93999862670898,41.02000045776367,39.78157424926758,41000
2024-06-25,41.27999877929688,41.27999877929688,40.58000183105469,41.08000183105469,39.95860290527344,25300
2024-06-26,40.369998931884766,40.90999984741211,40.2599983215332,40.869998931884766,39.75433349609375,23800
2024-06-27,40.5099983215332,41.470001220703125,40.5099983215332,41.470001220703125,40.33795928955078,20700
2024-06-28,41.869998931884766,42.880001068115234,40.970001220703125,41.68000030517578,40.5422248840332,38300
2024-07-01,41.93000030517578,41.93000030517578,40.119998931884766,40.619998931884766,39.51115798950195,29100
2024-07-02,40.790000915527344,41.79999923706055,40.755001068115234,41.77999877929688,40.63949203491211,25400
2024-07-03,42.09000015258789,43.02999877929688,42.053001403808594,42.709999084472656,41.54410552978516,29900
2024-07-05,43.0,43.0,42.0,42.65999984741211,41.4954719543457,36800
2024-07-08,43.0,43.64899826049805,43.0,43.52999877929688,42.34172058105469,44800
2024-07-09,43.63999938964844,43.8849983215332,43.09099960327149,43.43999862670898,42.254180908203125,22500
2024-07-10,43.900001525878906,45.29999923706055,43.59000015258789,45.18999862670898,43.95640563964844,54400
2024-07-11,46.0,47.0,45.20000076293945,45.41999816894531,44.18012619018555,114000
2024-07-12,46.27999877929688,48.5,46.1150016784668,47.38999938964844,46.09634780883789,65200
2024-07-15,47.79999923706055,48.77000045776367,47.18000030517578,47.59999847412109,46.30062103271485,90100
2024-07-16,48.380001068115234,50.56499862670898,48.185001373291016,50.5099983215332,49.13118362426758,99100
2024-07-17,48.0,48.65900039672852,45.7599983215332,45.790000915527344,44.54003143310547,167900
2024-07-18,46.33000183105469,47.84999847412109,43.9640007019043,44.84000015258789,43.61595916748047,113300
2024-07-19,44.84000015258789,45.10499954223633,43.43000030517578,43.68000030517578,42.48762893676758,53400
2024-07-22,45.150001525878906,46.22999954223633,43.72999954223633,46.22999954223633,44.968021392822266,59900
2024-07-23,45.52000045776367,46.27999877929688,45.16999816894531,45.630001068115234,44.384395599365234,38300
2024-07-24,44.540000915527344,44.75,40.90999984741211,41.18999862670898,40.06560134887695,83500
2024-07-25,40.47999954223633,42.72999954223633,39.09999847412109,40.119998931884766,39.024810791015625,87100
2024-07-26,41.81999969482422,42.63999938964844,41.150001525878906,42.16999816894531,41.01884460449219,97200
2024-07-29,42.650001525878906,43.18999862670898,41.84099960327149,42.27999877929688,41.1258430480957,40400
2024-07-30,42.90999984741211,43.16999816894531,40.59099960327149,41.29999923706055,40.1725959777832,40600
2024-07-31,43.880001068115234,45.720001220703125,43.650001525878906,44.33000183105469,43.1198844909668,76400
2024-08-01,44.09999847412109,44.65999984741211,38.09999847412109,39.25,38.17855453491211,71700
2024-08-02,36.36000061035156,36.36000061035156,33.33000183105469,34.220001220703125,33.285865783691406,380300
2024-08-05,29.82999992370605,33.242000579833984,29.0,31.93000030517578,31.05837631225586,175100
2024-08-06,32.630001068115234,34.650001525878906,31.940000534057617,33.02000045776367,32.11862564086914,233400
2024-08-07,34.380001068115234,35.0,30.959999084472656,31.13999938964844,30.28994369506836,114700
2024-08-08,32.06999969482422,34.5099983215332,31.96999931335449,34.5099983215332,33.56795120239258,144400
2024-08-09,34.22999954223633,35.0,33.560001373291016,34.63999938964844,33.69440078735352,50600
2024-08-12,34.90999984741211,35.119998931884766,33.8650016784668,34.279998779296875,33.3442268371582,47900
2024-08-13,35.189998626708984,36.81999969482422,34.959999084472656,36.77999877929688,35.775978088378906,65300
2024-08-14,37.20000076293945,37.369998931884766,35.7400016784668,36.40999984741211,35.41608428955078,98900
2024-08-15,38.29999923706055,40.13999938964844,38.29999923706055,39.959999084472656,38.86917495727539,109500
2024-08-16,39.43000030517578,40.0,39.20000076293945,39.7599983215332,38.67462921142578,69700
2024-08-19,39.86000061035156,41.36000061035156,39.27000045776367,41.36000061035156,40.23095703125,56000
2024-08-20,41.22999954223633,41.650001525878906,39.95000076293945,40.2599983215332,39.16098785400391,87800
2024-08-21,40.959999084472656,42.150001525878906,40.81499862670898,41.88999938964844,40.74648666381836,112700
2024-08-22,42.290000915527344,42.290000915527344,39.58100128173828,39.93999862670898,38.8497200012207,61800
2024-08-23,41.040000915527344,42.68000030517578,40.73600006103516,42.59999847412109,41.437103271484375,182400
2024-08-26,42.88999938964844,42.970001220703125,40.720001220703125,40.83000183105469,39.715431213378906,102500
2024-08-27,40.02000045776367,41.290000915527344,39.5099983215332,41.119998931884766,39.99750900268555,105400
2024-08-28,40.56999969482422,40.59099960327149,38.27000045776367,39.209999084472656,38.13965225219727,91800
2024-08-29,39.900001525878906,41.36000061035156,39.41999816894531,39.540000915527344,38.46064376831055,108900
2024-08-30,40.77999877929688,41.01499938964844,39.25,40.95000076293945,39.832149505615234,50800
2024-09-03,39.70000076293945,39.70000076293945,35.18000030517578,35.709999084472656,34.735191345214844,167900
2024-09-04,35.02000045776367,36.54899978637695,34.720001220703125,35.47999954223633,34.511470794677734,138400
2024-09-05,35.27000045776367,36.09999847412109,34.720001220703125,35.22999954223633,34.2682991027832,97500
2024-09-06,35.11000061035156,35.4900016784668,32.22999954223633,32.63999938964844,31.748994827270508,154600
2024-09-09,33.619998931884766,34.529998779296875,33.400001525878906,34.060001373291016,33.13023376464844,95200
2024-09-10,34.380001068115234,34.63999938964844,32.959999084472656,34.63999938964844,33.69440078735352,131100
2024-09-11,34.619998931884766,37.09999847412109,32.88999938964844,36.95000076293945,35.941341400146484,128300
2024-09-12,37.060001373291016,38.0,36.130001068115234,37.70000076293945,36.67087173461914,54800
2024-09-13,38.43999862670898,39.97999954223633,38.43999862670898,39.61000061035156,38.52872467041016,58900
2024-09-16,39.459999084472656,40.060001373291016,38.68000030517578,39.93999862670898,38.8497200012207,122600
2024-09-17,40.93000030517578,41.729000091552734,40.13999938964844,40.7400016784668,39.62788772583008,188000
2024-09-18,41.040000915527344,42.78499984741211,40.060001373291016,40.29999923706055,39.199893951416016,198600
2024-09-19,43.63999938964844,44.16999816894531,42.5099983215332,43.380001068115234,42.19581985473633,112200
2024-09-20,42.77000045776367,43.130001068115234,41.63999938964844,43.130001068115234,41.95264434814453,68700
2024-09-23,43.619998931884766,44.0,43.060001373291016,43.7400016784668,42.545989990234375,48500
2024-09-24,44.40999984741211,44.75,43.31999969482422,44.310001373291016,43.165565490722656,83500
2024-09-25,43.959999084472656,44.5099983215332,43.380001068115234,43.619998931884766,42.49338150024414,57400
2024-09-26,46.400001525878906,47.0,44.31999969482422,45.91999816894531,44.73397445678711,106900
2024-09-27,46.66999816894531,46.66999816894531,45.27999877929688,45.70000076293945,44.51966094970703,52700
2024-09-30,45.040000915527344,45.27000045776367,43.65999984741211,45.09999847412109,43.935157775878906,73100
2024-10-01,45.05199813842773,45.05199813842773,42.11000061035156,43.0,41.88939666748047,87000
2024-10-02,42.459999084472656,44.17499923706055,41.9900016784668,43.56999969482422,42.444671630859375,67600
2024-10-03,42.84000015258789,43.93899917602539,42.5,43.25,42.132938385009766,47700
2024-10-04,45.20000076293945,45.619998931884766,43.77999877929688,44.97999954223633,43.81825637817383,92800
2024-10-07,44.22999954223633,45.0,43.900001525878906,44.630001068115234,43.477298736572266,49900
2024-10-08,44.91999816894531,45.52999877929688,44.18999862670898,45.27999877929688,44.11050796508789,56900
2024-10-09,45.40999984741211,46.93000030517578,45.375,46.720001220703125,45.51332092285156,68900
2024-10-10,45.27999877929688,46.400001525878906,44.86000061035156,45.959999084472656,44.77294158935547,47900
2024-10-11,45.38999938964844,47.44200134277344,45.38999938964844,47.18999862670898,45.97117614746094,64500
2024-10-14,47.77999877929688,48.81999969482422,47.52000045776367,48.66999816894531,47.41294860839844,73300
2024-10-15,48.63999938964844,49.0,45.61000061035156,45.900001525878906,44.71449661254883,101000
2024-10-16,46.630001068115234,47.22999954223633,46.18999862670898,46.81999969482422,45.61073303222656,35000
2024-10-17,48.09000015258789,48.34999847412109,46.53099822998047,46.560001373291016,45.357452392578125,32000
2024-10-18,47.16999816894531,47.2599983215332,46.709999084472656,47.22999954223633,46.01014709472656,39700
2024-10-21,46.58000183105469,46.75,45.369998931884766,46.130001068115234,44.93855667114258,46300
2024-10-22,45.369998931884766,45.459999084472656,44.5,45.11000061035156,43.94489669799805,21800
2024-10-23,44.29999923706055,44.79999923706055,42.46699905395508,43.5099983215332,42.38622283935547,60600
2024-10-24,44.61000061035156,44.650001525878906,43.64599990844727,44.369998931884766,43.2240104675293,37100
2024-10-25,45.43999862670898,46.42300033569336,44.40999984741211,44.720001220703125,43.56497573852539,45200
2024-10-28,45.68000030517578,46.13999938964844,45.54999923706055,45.59999847412109,44.422245025634766,33000
2024-10-29,45.0,46.810001373291016,44.68000030517578,46.560001373291016,45.357452392578125,30900
2024-10-30,44.290000915527344,45.25,43.88999938964844,44.04999923706055,42.91227722167969,55400
2024-10-31,42.709999084472656,42.709999084472656,40.27999877929688,40.52999877929688,39.483192443847656,79100
2024-11-01,41.0,42.290000915527344,40.95000076293945,41.150001525878906,40.087181091308594,41000
2024-11-04,41.06999969482422,42.209999084472656,40.52000045776367,41.0099983215332,39.9507942199707,48200
2024-11-05,41.0099983215332,43.040000915527344,41.0099983215332,43.040000915527344,41.92835998535156,42100
2024-11-06,45.95000076293945,46.880001068115234,44.61000061035156,46.72999954223633,45.5230598449707,127500
2024-11-07,47.43000030517578,48.6349983215332,47.43000030517578,48.400001525878906,47.1499252319336,61900
2024-11-08,47.95000076293945,48.619998931884766,47.66999816894531,48.59999847412109,47.34476089477539,34900
2024-11-11,49.02000045776367,49.040000915527344,48.0,48.93000030517578,47.66624069213867,41900
2024-11-12,47.959999084472656,48.2400016784668,45.81999969482422,46.880001068115234,45.66918563842773,76400
2024-11-13,47.130001068115234,47.34999847412109,46.11000061035156,46.27999877929688,45.08467864990234,32000
2024-11-14,46.220001220703125,46.54999923706055,44.86000061035156,44.9900016784668,43.82799911499024,25000
2024-11-15,44.0,44.0,42.16999816894531,42.459999084472656,41.36334228515625,57500
2024-11-18,43.04999923706055,43.970001220703125,42.4900016784668,43.540000915527344,42.41544723510742,41900
2024-11-19,42.86000061035156,44.79999923706055,42.65299987792969,44.790000915527344,43.63316345214844,55900
2024-11-20,44.68999862670898,44.68999862670898,43.130001068115234,44.54999923706055,43.39936447143555,82900
2024-11-21,45.70000076293945,47.68000030517578,44.84000015258789,47.11000061035156,45.89324188232422,93800
2024-11-22,47.41999816894531,49.03499984741211,47.41999816894531,48.970001220703125,47.70520782470703,67000
2024-11-25,50.970001220703125,52.150001525878906,50.970001220703125,51.630001068115234,50.29650115966797,70000
2024-11-26,51.86000061035156,51.86000061035156,49.79999923706055,50.27999877929688,48.98136901855469,69500
2024-11-27,50.0099983215332,50.369998931884766,47.70000076293945,48.650001525878906,47.39347076416016,66900
2024-11-29,49.0099983215332,49.97999954223633,49.0099983215332,49.459999084472656,48.18254470825195,27400
2024-12-02,50.400001525878906,52.68999862670898,50.400001525878906,52.25,50.90048599243164,99100
2024-12-03,52.04999923706055,52.22999954223633,50.81999969482422,51.400001525878906,50.07244110107422,45800
2024-12-04,52.27000045776367,52.540000915527344,51.619998931884766,52.41999816894531,51.06609344482422,2894000
2024-12-05,52.41999816894531,52.59999847412109,50.400001525878906,50.4900016784668,49.185943603515625,39500
2024-12-06,51.65900039672852,52.70800018310547,51.65900039672852,52.209999084472656,50.86152267456055,30700
2024-12-09,53.33000183105469,54.0,51.834999084472656,52.0,50.65694427490234,30300
2024-12-10,51.630001068115234,51.630001068115234,48.84999847412109,49.150001525878906,47.880558013916016,46600
2024-12-11,50.06999969482422,51.03499984741211,49.380001068115234,50.720001220703125,49.410003662109375,43300
2024-12-12,50.0,50.59999847412109,49.63999938964844,49.68000030517578,48.39686584472656,11100
2024-12-13,50.08000183105469,50.14599990844727,48.35499954223633,49.43999862670898,48.163063049316406,37100
2024-12-16,48.90999984741211,50.52000045776367,48.90999984741211,49.9900016784668,48.69886016845703,27700
2024-12-17,49.43000030517578,49.935001373291016,48.40999984741211,48.75,47.49088668823242,31000
2024-12-18,49.02000045776367,49.56999969482422,42.28499984741211,42.79999923706055,41.69456100463867,120200
2024-12-19,43.81999969482422,44.30500030517578,41.57500076293945,41.81999969482422,40.739871978759766,77300
2024-12-20,41.04999923706055,45.06999969482422,40.95000076293945,43.9900016784668,42.85382843017578,65700
2024-12-23,43.81999969482422,45.04999923706055,43.41999816894531,45.04999923706055,43.88644790649414,29100
2024-12-24,45.119998931884766,46.59999847412109,45.10499954223633,46.59999847412109,45.39641571044922,15600
2024-12-26,46.04999923706055,46.900001525878906,45.83700180053711,46.459999084472656,45.26002883911133,30700
2024-12-27,45.34000015258789,45.630001068115234,43.40999984741211,44.43000030517578,43.28246307373047,75100
2024-12-30,42.31999969482422,43.34000015258789,41.15999984741211,42.5,41.40230941772461,97000
2024-12-31,42.869998931884766,43.25,41.52000045776367,42.0099983215332,40.92496490478516,79200
2025-01-02,43.0099983215332,43.4900016784668,40.917999267578125,41.970001220703125,40.88600540161133,110500
2025-01-03,42.70000076293945,44.72999954223633,42.310001373291016,44.68000030517578,43.52600860595703,49200
2025-01-06,46.43999862670898,48.11000061035156,46.380001068115234,46.709999084472656,45.50357437133789,112100
2025-01-07,47.290000915527344,47.40999984741211,44.68000030517578,44.93999862670898,43.77928924560547,44200
2025-01-08,44.18000030517578,44.310001373291016,42.619998931884766,43.95000076293945,42.81485748291016,50800
2025-01-10,42.84999847412109,43.040000915527344,41.470001220703125,42.11000061035156,41.02238464355469,41600
2025-01-13,40.060001373291016,41.61000061035156,39.52999877929688,41.61000061035156,40.53529739379883,65100
2025-01-14,42.68999862670898,43.369998931884766,41.5,42.68999862670898,41.58740615844727,42000
2025-01-15,45.209999084472656,45.720001220703125,44.52999877929688,44.79999923706055,43.64290237426758,39500
2025-01-16,45.59000015258789,46.22999954223633,44.78099822998047,45.33000183105469,44.159217834472656,49600
2025-01-17,46.77999877929688,47.49300003051758,46.54999923706055,47.04999923706055,45.83478927612305,36800
2025-01-21,48.38999938964844,49.573001861572266,47.71799850463867,49.2400016784668,47.96823120117188,74500
2025-01-22,50.65999984741211,51.5,50.619998931884766,50.619998931884766,49.31258392333984,30800
2025-01-23,49.81999969482422,51.25,49.31999969482422,51.25,49.92631530761719,33900
2025-01-24,51.45000076293945,51.5,49.77999877929688,50.0,48.70859909057617,30100
2025-01-27,45.15999984741211,45.78799819946289,42.12900161743164,43.470001220703125,42.34726333618164,118500
2025-01-28,44.16999816894531,44.7599983215332,42.31999969482422,44.59000015258789,43.43833160400391,80000
2025-01-29,44.72999954223633,45.0,43.58000183105469,44.18000030517578,43.03892135620117,53400
2025-01-30,45.18000030517578,46.66899871826172,45.0099983215332,46.22999954223633,45.03597259521485,53000
2025-01-31,46.16999816894531,47.63999938964844,44.59999847412109,44.81999969482422,43.662391662597656,61800
2025-02-03,41.400001525878906,43.5,40.59299850463867,42.720001220703125,41.61663055419922,140900
2025-02-04,43.43999862670898,44.119998931884766,43.31100082397461,44.06999969482422,42.9317626953125,62400
2025-02-05,44.22999954223633,45.03400039672852,43.4900016784668,45.0,43.83774185180664,31600
2025-02-06,45.0,46.0,44.33000183105469,45.470001220703125,44.29560470581055,28600
2025-02-07,46.0,46.81999969482422,44.209999084472656,44.65999984741211,43.50652313232422,59900
2025-02-10,45.810001373291016,46.4900016784668,45.34000015258789,46.43000030517578,45.23080825805664,24200
2025-02-11,45.119998931884766,45.77999877929688,44.56999969482422,44.77999877929688,43.6234245300293,46700
2025-02-12,43.59999847412109,44.757999420166016,43.20000076293945,44.59999847412109,43.44807434082031,54500
2025-02-13,45.0,46.369998931884766,44.91999816894531,46.27999877929688,45.08467864990234,43900
2025-02-14,46.459999084472656,47.46500015258789,46.459999084472656,47.38999938964844,46.166011810302734,33000
2025-02-18,48.27999877929688,50.13999938964844,48.27999877929688,50.119998931884766,48.825496673583984,65300
2025-02-19,49.5,51.69499969482422,49.0,50.04999923706055,48.75730895996094,129700
2025-02-20,49.2599983215332,49.59999847412109,46.86000061035156,48.66999816894531,47.41294860839844,134600
2025-02-21,49.0,49.02000045776367,43.02000045776367,43.59999847412109,42.47390365600586,112000
2025-02-24,43.76100158691406,43.959999084472656,40.5099983215332,41.310001373291016,40.243045806884766,144900
2025-02-25,41.09999847412109,41.09999847412109,38.29999923706055,39.31999969482422,38.304443359375,104200
2025-02-26,40.91999816894531,42.72499847412109,40.650001525878906,41.36000061035156,40.291751861572266,57400
2025-02-27,41.790000915527344,41.93000030517578,36.650001525878906,36.880001068115234,35.927467346191406,98800
2025-02-28,36.380001068115234,37.68000030517578,35.41999816894531,37.65999984741211,36.687313079833984,76300
2025-03-03,38.59999847412109,38.84999847412109,32.849998474121094,33.720001220703125,32.849082946777344,150600
2025-03-04,32.540000915527344,34.54999923706055,30.0,32.31999969482422,31.485239028930664,290400
2025-03-05,32.70000076293945,34.439998626708984,31.88999938964844,34.25,33.36539077758789,149400
2025-03-06,32.0,33.189998626708984,30.40999984741211,30.799999237060547,30.00449752807617,185100
2025-03-07,30.25,31.89999961853028,28.790000915527344,31.75,30.929962158203125,162700
2025-03-10,29.61000061035156,30.086000442504883,26.85099983215332,28.020000457763672,27.29629898071289,331100
2025-03-11,27.76000022888184,29.030000686645508,26.5,27.76000022888184,27.04301643371582,170400
2025-03-12,29.6200008392334,30.0,28.336000442504883,29.0,28.25098991394043,162100
2025-03-13,28.979999542236328,29.14999961853028,26.850000381469727,27.299999237060547,26.59489631652832,93500
2025-03-14,28.56999969482422,30.200000762939453,28.56999969482422,30.09000015258789,29.31283569335937,134800
2025-03-17,30.200000762939453,32.290000915527344,30.165000915527344,31.729999542236328,30.910478591918945,250200
2025-03-18,30.84000015258789,30.989999771118164,29.71999931335449,30.09000015258789,29.31283569335937,124700
2025-03-19,30.31999969482422,32.638999938964844,30.131999969482425,31.6299991607666,30.813060760498047,126300
2025-03-20,30.59000015258789,32.040000915527344,30.56800079345703,30.850000381469727,30.053207397460938,108000
2025-03-21,29.82999992370605,30.959999084472656,29.013999938964844,30.8799991607666,30.08243179321289,89600
2025-03-24,32.45000076293945,33.72999954223633,32.393001556396484,33.41999816894531,32.556827545166016,152400
2025-03-25,33.560001373291016,33.709999084472656,32.882999420166016,33.220001220703125,32.434783935546875,56000
2025-03-26,33.08000183105469,33.29600143432617,30.18000030517578,30.6200008392334,29.896240234375,113200
2025-03-27,30.209999084472656,30.479999542236328,28.8700008392334,29.43000030517578,28.73436737060547,73900
2025-03-28,29.0,29.11899948120117,26.4950008392334,26.790000915527344,26.156768798828125,174600
2025-03-31,25.209999084472656,26.729999542236328,23.93000030517578,26.549999237060547,25.922441482543945,181500
2025-04-01,26.309999465942383,27.23600006103516,25.231000900268555,27.040000915527344,26.400861740112305,118600
2025-04-02,25.799999237060547,29.0,25.63500022888184,28.3799991607666,27.709184646606445,221000
2025-04-03,24.049999237060547,24.049999237060547,20.63999938964844,20.76000022888184,20.2692985534668,529800
2025-04-04,18.31999969482422,18.520000457763672,15.300000190734863,16.600000381469727,16.20762825012207,992200
2025-04-07,14.729999542236328,19.63999938964844,13.9399995803833,17.360000610351562,16.949665069580078,924700
2025-04-08,19.530000686645508,19.770000457763672,14.93000030517578,15.869999885559082,15.49488353729248,665100
2025-04-09,15.729999542236328,23.0,15.550000190734863,22.729999542236328,22.19273376464844,1192700
2025-04-10,20.309999465942383,20.5,16.559999465942383,18.459999084472656,18.023662567138672,868100
2025-04-11,18.18000030517578,19.518999099731445,17.299999237060547,19.36000061035156,18.902389526367188,404800
2025-04-14,21.0,21.049999237060547,19.21999931335449,19.940000534057617,19.468679428100582,350400
2025-04-15,20.01000022888184,20.89999961853028,19.93000030517578,20.15999984741211,19.683481216430664,201300
2025-04-16,18.93000030517578,19.670000076293945,17.600000381469727,18.729999542236328,18.287282943725582,296100
2025-04-17,18.979999542236328,19.25,18.301000595092773,18.82999992370605,18.384916305541992,134200
2025-04-21,18.010000228881836,18.018999099731445,16.57699966430664,17.270000457763672,16.861791610717773,407800
2025-04-22,18.010000228881836,19.13999938964844,17.920000076293945,18.799999237060547,18.355627059936523,356500
2025-04-23,21.190000534057617,22.299999237060547,20.239999771118164,20.3799991607666,19.89827919006348,406600
2025-04-24,21.049999237060547,23.270000457763672,21.049999237060547,23.21999931335449,22.671152114868164,465500
2025-04-25,22.84000015258789,24.01000022888184,22.790000915527344,23.709999084472656,23.14957046508789,274900
2025-04-28,23.68000030517578,24.5009994506836,22.790000915527344,23.84000015258789,23.27649688720703,215400
2025-04-29,23.479999542236328,24.290000915527344,23.170000076293945,24.01000022888184,23.44247817993164,262900
2025-04-30,22.200000762939453,24.14999961853028,21.670000076293945,24.0,23.43271446228028,331100
2025-05-01,25.040000915527344,25.670000076293945,24.549999237060547,24.61000061035156,24.028297424316406,273200
2025-05-02,25.90999984741211,27.07999992370605,25.799999237060547,26.6200008392334,25.99078941345215,394900
2025-05-05,25.89999961853028,26.88999938964844,25.729999542236328,26.200000762939453,25.58071517944336,165700
2025-05-06,25.0,26.06999969482422,24.88999938964844,25.450000762939453,24.84844207763672,149500
2025-05-07,25.57999992370605,26.43000030517578,25.06999969482422,26.26000022888184,25.63929748535156,181500
2025-05-08,27.209999084472656,28.36400032043457,26.76000022888184,27.51000022888184,26.859750747680664,228500
2025-05-09,28.01000022888184,28.21999931335449,27.14999961853028,27.64999961853028,26.99644088745117,203800
2025-05-12,31.96999931335449,32.41999816894531,31.26000022888184,32.18000030517578,31.41936492919922,460700
2025-05-13,32.459999084472656,34.849998474121094,32.459999084472656,34.45000076293945,33.63571548461914,171300
2025-05-14,35.040000915527344,35.45000076293945,34.27000045776367,34.779998779296875,33.957908630371094,194700
2025-05-15,34.0,34.689998626708984,33.290000915527344,34.27000045776367,33.459964752197266,287900
2025-05-16,34.810001373291016,35.33000183105469,34.20000076293945,35.33000183105469,34.49491500854492,193500
2025-05-19,33.31999969482422,35.099998474121094,33.189998626708984,34.810001373291016,33.98720169067383,265700
2025-05-20,34.33000183105469,34.7599983215332,33.74100112915039,34.2599983215332,33.450199127197266,206100
2025-05-21,33.20000076293945,34.08700180053711,31.25,31.59000015258789,30.843311309814453,299900
2025-05-22,31.43000030517578,32.209999084472656,30.89999961853028,31.57999992370605,30.83354949951172,226500
2025-05-23,29.450000762939453,31.1879997253418,29.38999938964844,30.82999992370605,30.10127639770508,135700
2025-05-27,32.470001220703125,33.729000091552734,31.770000457763672,33.61000061035156,32.81557083129883,161300
2025-05-28,33.619998931884766,33.6609992980957,32.59000015258789,32.65999984741211,31.88801956176757,83900
2025-05-29,34.0,34.0,32.119998931884766,32.720001220703125,31.94660377502441,98000
2025-05-30,32.18000030517578,32.2400016784668,30.66900062561035,31.950000762939453,31.19480323791504,127300
2025-06-02,32.02000045776367,32.86000061035156,31.309999465942383,32.86000061035156,32.08329391479492,63400
2025-06-03,32.88999938964844,34.849998474121094,32.630001068115234,34.79999923706055,33.97743606567383,191500
2025-06-04,35.0,35.5260009765625,34.37099838256836,34.86000061035156,34.0360221862793,74800
2025-06-05,35.209999084472656,35.90999984741211,33.560001373291016,34.279998779296875,33.4697265625,147000
2025-06-06,35.70000076293945,36.2599983215332,35.45000076293945,35.72999954223633,34.88545608520508,168600
2025-06-09,36.45000076293945,37.39799880981445,36.45000076293945,36.75,35.881343841552734,129900
2025-06-10,37.09000015258789,37.810001373291016,36.68000030517578,37.720001220703125,36.82841873168945,83100
2025-06-11,38.15999984741211,38.40999984741211,36.64500045776367,37.310001373291016,36.4281120300293,172200
2025-06-12,36.65999984741211,37.560001373291016,36.34999847412109,37.15999984741211,36.28165435791016,177100
2025-06-13,35.279998779296875,36.380001068115234,34.75,35.11000061035156,34.280113220214844,124800
2025-06-16,36.290000915527344,37.869998931884766,36.290000915527344,37.619998931884766,36.73078155517578,192800
2025-06-17,37.119998931884766,38.08000183105469,36.2509994506836,36.43999862670898,35.578670501708984,121900
2025-06-18,36.650001525878906,37.75,36.56999969482422,36.900001525878906,36.02779769897461,107500
2025-06-20,37.81999969482422,38.0,36.130001068115234,36.619998931884766,35.754417419433594,89600
2025-06-23,36.68000030517578,37.709999084472656,35.209999084472656,37.59000015258789,36.70148849487305,119800
2025-06-24,38.810001373291016,40.15700149536133,38.810001373291016,39.959999084472656,39.12580108642578,127900
2025-06-25,40.220001220703125,40.45000076293945,39.63999938964844,40.13999938964844,39.30204391479492,72700
2025-06-26,40.720001220703125,42.09000015258789,40.720001220703125,41.970001220703125,41.09384536743164,167200
2025-06-27,42.47999954223633,43.16999816894531,41.54999923706055,42.540000915527344,41.65194320678711,165000
2025-06-30,43.33000183105469,43.33000183105469,42.5,42.970001220703125,42.07296752929688,92100
2025-07-01,42.040000915527344,43.650001525878906,41.54999923706055,43.13999938964844,42.23941421508789,73900
2025-07-02,43.20000076293945,45.34999847412109,43.02999877929688,45.209999084472656,44.26620101928711,105600
2025-07-03,46.220001220703125,46.81999969482422,45.9900016784668,46.68000030517578,45.70551681518555,310600
2025-07-07,45.66999816894531,46.2400016784668,43.95000076293945,44.90999984741211,43.972469329833984,233900
2025-07-08,45.560001373291016,46.63999938964844,45.18999862670898,46.18000030517578,45.2159538269043,111000
2025-07-09,46.81999969482422,47.29999923706055,45.81999969482422,47.0099983215332,46.02862548828125,58100
2025-07-10,47.97999954223633,49.18899917602539,47.709999084472656,48.7400016784668,47.72251129150391,264700
2025-07-11,47.65999984741211,48.22299957275391,47.275001525878906,47.75,46.753177642822266,122600
2025-07-14,47.34000015258789,47.880001068115234,46.560001373291016,47.68999862670898,46.69443130493164,112400
2025-07-15,48.84999847412109,48.95000076293945,46.5099983215332,46.5099983215332,45.53906631469727,173000
2025-07-16,46.88999938964844,46.98500061035156,44.209999084472656,46.83000183105469,45.852386474609375,184000
2025-07-17,47.02999877929688,48.79199981689453,46.84999847412109,48.720001220703125,47.70293045043945,105400
2025-07-18,49.459999084472656,49.70000076293945,48.720001220703125,49.34000015258789,48.30998611450195,87600
2025-07-21,50.0,50.57500076293945,48.81999969482422,48.81999969482422,47.80084228515625,86800
2025-07-22,48.72999954223633,49.13999938964844,46.86000061035156,48.68000030517578,47.66376495361328,77000
2025-07-23,49.90999984741211,50.84000015258789,49.6619987487793,50.79999923706055,49.73950958251953,89800
2025-07-24,50.68000030517578,50.84799957275391,49.86000061035156,49.95000076293945,48.90725326538086,64100
2025-07-25,50.08000183105469,51.16999816894531,49.900001525878906,51.08000183105469,50.01366424560547,59900
2025-07-28,51.70000076293945,52.27099990844727,51.560001373291016,52.13999938964844,51.05153274536133,83100
2025-07-29,52.95000076293945,52.95000076293945,50.29999923706055,51.2599983215332,50.189903259277344,113200
2025-07-30,51.470001220703125,52.79999923706055,50.54999923706055,51.79999923706055,50.718631744384766,105900
2025-07-31,51.43000030517578,52.09999847412109,49.01100158691406,49.720001220703125,48.68205642700195,146100
2025-08-01,46.79999923706055,47.625,43.93000030517578,46.68999862670898,45.71530532836914,184800
2025-08-04,47.93000030517578,48.869998931884766,47.70299911499024,48.869998931884766,47.849796295166016,137700
2025-08-05,49.54999923706055,49.75,46.290000915527344,47.68999862670898,46.69443130493164,93000
2025-08-06,47.0,47.06800079345703,46.04999923706055,46.97999954223633,45.9992561340332,104100
2025-08-07,48.25,48.70000076293945,45.93999862670898,46.86000061035156,45.88175964355469,104800
2025-08-08,47.65999984741211,48.0,47.11000061035156,47.41999816894531,46.43006896972656,38300
2025-08-11,47.959999084472656,48.58000183105469,46.83000183105469,47.130001068115234,46.14612579345703,55900
2025-08-12,48.02999877929688,51.150001525878906,47.970001220703125,51.08000183105469,50.01366424560547,144800
2025-08-13,52.0,52.380001068115234,50.65999984741211,52.34000015258789,51.24735641479492,105700
2025-08-14,50.709999084472656,51.58000183105469,50.25,51.43000030517578,50.356353759765625,34800
2025-08-15,51.150001525878906,51.15999984741211,49.47999954223633,49.61000061035156,48.5743522644043,60500
2025-08-18,49.5,50.810001373291016,49.5,50.619998931884766,49.563262939453125,39800
2025-08-19,50.54999923706055,51.0260009765625,48.630001068115234,49.0,47.97708511352539,105400
2025-08-20,48.59999847412109,48.59999847412109,45.5099983215332,47.95000076293945,46.949005126953125,106900
2025-08-21,47.25,47.66999816894531,46.78499984741211,47.16999816894531,46.18528747558594,46600
2025-08-22,47.70500183105469,52.27999877929688,47.63999938964844,51.880001068115234,50.79696273803711,211200
2025-08-25,51.20000076293945,51.68000030517578,50.90999984741211,51.15999984741211,50.09199142456055,89300
2025-08-26,51.02999877929688,52.220001220703125,51.02999877929688,52.119998931884766,51.03194808959961,78700
2025-08-27,51.7400016784668,53.18999862670898,51.70000076293945,53.04999923706055,51.94253921508789,79300
2025-08-28,53.310001373291016,54.20000076293945,53.25,53.970001220703125,52.84333038330078,96300
2025-08-29,53.400001525878906,53.400001525878906,51.43000030517578,51.72999954223633,50.65009307861328,97500
2025-09-02,48.75,50.25,48.040000915527344,50.22999954223633,49.1814079284668,187400
2025-09-03,50.209999084472656,50.88999938964844,49.0,50.0,48.95620727539063,109000
2025-09-04,50.09999847412109,51.77999877929688,49.56999969482422,51.77999877929688,50.69904708862305,115600
2025-09-05,52.81999969482422,53.63999938964844,50.4900016784668,52.16999816894531,51.08090591430664,93900
2025-09-08,52.7599983215332,53.0,51.7400016784668,52.61000061035156,51.51172256469727,49900
2025-09-09,52.290000915527344,52.63999938964844,51.65999984741211,52.4900016784668,51.394229888916016,36400
2025-09-10,53.45000076293945,54.43600082397461,53.0,53.59000015258789,52.47126388549805,112500
2025-09-11,54.11000061035156,56.459999084472656,54.11000061035156,56.04999923706055,54.87990951538086,127300
2025-09-12,56.290000915527344,56.334999084472656,55.220001220703125,55.29999923706055,54.14556503295898,56100
2025-09-15,56.0,57.36100006103516,55.90599822998047,56.83000183105469,55.64362716674805,44100
2025-09-16,56.900001525878906,57.13999938964844,55.59999847412109,56.66999816894531,55.48696517944336,49900
2025-09-17,56.630001068115234,58.5,54.52000045776367,56.720001220703125,55.53592300415039,93200
2025-09-18,59.0099983215332,60.88999938964844,58.630001068115234,60.380001068115234,59.1195182800293,78600
2025-09-19,60.86000061035156,60.86000061035156,58.90999984741211,60.27000045776367,59.01181411743164,48100
2025-09-22,59.95000076293945,61.61000061035156,59.630001068115234,61.470001220703125,60.18676376342773,56100
2025-09-23,61.540000915527344,62.93999862670898,60.130001068115234,60.47999954223633,59.21742630004883,72600
2025-09-24,61.0,61.0,58.72999954223633,59.130001068115234,57.89561462402344,44200
2025-09-25,57.08000183105469,57.7599983215332,55.400001525878906,57.08000183105469,55.88840866088867,72800
2025-09-26,57.5099983215332,58.52999877929688,57.5099983215332,58.45000076293945,57.22980880737305,33300
2025-09-29,59.95000076293945,60.25,58.619998931884766,58.84000015258789,57.61166763305664,25400
2025-09-30,59.0,59.18000030517578,56.619998931884766,59.0,57.76832580566406,31900
2025-10-01,58.540000915527344,61.65999984741211,58.540000915527344,61.43999862670898,60.15739059448242,50500
2025-10-02,62.84999847412109,63.06999969482422,61.43999862670898,62.91999816894531,61.60649490356445,39400
2025-10-03,63.77000045776367,64.55899810791016,62.10900115966797,62.4900016784668,61.18547058105469,43100
2025-10-06,65.30000305175781,65.62000274658203,64.0,64.38999938964844,63.045806884765625,53900
2025-10-07,65.20999908447266,65.5199966430664,60.48400115966797,61.58000183105469,60.29446792602539,78000
2025-10-08,62.31999969482422,64.86000061035156,61.95000076293945,64.80999755859375,63.45703506469727,62000
2025-10-09,65.0,65.13500213623047,62.80500030517578,63.720001220703125,62.389793395996094,34400
2025-10-10,64.05999755859375,64.29900360107422,54.435001373291016,54.459999084472656,53.32310104370117,209400
2025-10-13,58.43000030517578,60.04999923706055,58.0,59.52000045776367,58.277469635009766,114300
2025-10-14,56.45000076293945,61.459999084472656,56.0,59.459999084472656,58.21872329711914,119600
2025-10-15,61.56999969482422,63.0,59.39500045776367,61.880001068115234,60.58820724487305,72600
2025-10-16,62.77999877929688,63.25,59.130001068115234,60.29999923706055,59.04118728637695,105400
2025-10-17,59.2400016784668,60.63100051879883,58.470001220703125,60.02000045776367,58.767032623291016,83100
2025-10-20,61.36000061035156,63.220001220703125,61.36000061035156,62.5,61.19526290893555,65100
2025-10-21,62.290000915527344,63.80400085449219,61.560001373291016,63.220001220703125,61.90023040771485,31900
2025-10-22,63.06999969482422,63.084999084472656,58.20899963378906,60.4900016784668,59.22722244262695,130400
2025-10-23,60.77999877929688,63.72999954223633,60.77999877929688,63.619998931884766,62.29187774658203,77200
2025-10-24,65.91999816894531,66.69000244140625,65.4800033569336,65.66000366210938,64.28929138183594,56700
2025-10-27,67.91000366210938,68.37000274658203,66.97599792480469,67.61000061035156,66.1985855102539,48200
2025-10-28,67.70999908447266,67.70999908447266,65.75,65.97000122070312,64.59281921386719,65000
2025-10-29,67.41999816894531,69.1500015258789,66.55999755859375,67.3499984741211,65.94400787353516,86600
2025-10-30,66.26000213623047,67.62000274658203,64.91999816894531,65.08000183105469,63.72140121459961,67600
2025-10-31,66.4800033569336,67.44999694824219,64.9000015258789,66.30999755859375,64.92572784423828,60500
2025-11-03,67.38999938964844,67.38999938964844,64.48999786376953,66.43000030517578,65.04322052001953,52200
2025-11-04,63.02999877929688,63.43999862670898,60.040000915527344,60.15999984741211,58.904109954833984,86100
2025-11-05,60.290000915527344,64.61199951171875,60.290000915527344,63.380001068115234,62.05689239501953,86300
2025-11-06,63.459999084472656,64.05999755859375,59.61000061035156,60.72999954223633,59.46220779418945,135400
2025-11-07,59.130001068115234,61.36000061035156,56.41600036621094,61.33000183105469,60.049686431884766,160900
2025-11-10,64.5199966430664,65.19999694824219,62.119998931884766,64.36000061035156,63.01642990112305,98800
2025-11-11,63.75,63.75,62.08200073242188,62.65999984741211,61.35192108154297,43600
2025-11-12,63.7400016784668,65.20999908447266,63.5,63.68000030517578,62.35062789916992,64300
2025-11-13,62.58000183105469,63.01900100708008,57.34000015258789,58.380001068115234,57.16127014160156,137700
2025-11-14,55.0,60.04999923706055,54.277000427246094,57.970001220703125,56.75983047485352,121900
2025-11-17,56.95000076293945,58.584999084472656,52.858001708984375,54.18000030517578,53.0489501953125,113500
2025-11-18,52.790000915527344,54.70000076293945,51.209999084472656,53.18999862670898,52.0796127319336,166600
2025-11-19,53.16999816894531,55.5,52.619998931884766,54.15999984741211,53.02936553955078,102200
2025-11-20,57.150001525878906,57.68000030517578,48.41999816894531,48.70000076293945,47.683349609375,189700
2025-11-21,49.61000061035156,52.31999969482422,46.93999862670898,51.290000915527344,50.21928024291992,156500
2025-11-24,52.20000076293945,55.0260009765625,52.13999938964844,54.369998931884766,53.234981536865234,64100
2025-11-25,54.06999969482422,57.130001068115234,52.54199981689453,56.7599983215332,55.5750846862793,89400
2025-11-26,58.0,60.650001525878906,57.65999984741211,59.43000030517578,58.18935012817383,92700
2025-11-28,60.90999984741211,61.66999816894531,60.20000076293945,61.45000076293945,60.167179107666016,93300
2025-12-01,59.619998931884766,62.0,59.0,61.0,59.7265739440918,86700
2025-12-02,62.20000076293945,63.65999984741211,61.36000061035156,62.70000076293945,61.39108657836914,83600
2025-12-03,62.880001068115234,66.33999633789062,62.59199905395508,66.26000213623047,64.87677001953125,72900
2025-12-04,66.16000366210938,67.37999725341797,65.40799713134766,66.81999969482422,65.42507934570312,58100
2025-12-05,67.05000305175781,69.26100158691406,67.05000305175781,68.30999755859375,66.88397216796875,73100
2025-12-08,69.22000122070312,69.7300033569336,67.91999816894531,68.83999633789062,67.40290832519531,57000
2025-12-09,68.12000274658203,70.72100067138672,68.12000274658203,69.47000122070312,68.01976013183594,62200
2025-12-10,68.47000122070312,73.12999725341797,68.29100036621094,72.31999969482422,72.28042602539062,112800
2025-12-11,70.94999694824219,73.3499984741211,69.8499984741211,73.26000213623047,73.21990966796875,148500
2025-12-12,73.19999694824219,73.23200225830078,67.4000015258789,68.08999633789062,68.052734375,138700
2025-12-15,69.83000183105469,69.83000183105469,67.0,67.41000366210938,67.37311553955078,56800
2025-12-16,67.18000030517578,68.5,65.87300109863281,67.25,67.21319580078125,83000
2025-12-17,67.80000305175781,68.61499786376953,63.04999923706055,63.13999938964844,63.105445861816406,107400
2025-12-18,66.58999633789062,67.8499984741211,65.2699966430664,65.6500015258789,65.61407470703125,111500
2025-12-19,66.45999908447266,69.32599639892578,66.45999908447266,69.01000213623047,68.97223663330078,93300
2025-12-22,70.70999908447266,71.27899932861328,70.20999908447266,71.11000061035156,71.07109069824219,98600
2025-12-23,70.37000274658203,70.66000366210938,69.33000183105469,70.06999969482422,70.03165435791016,53900
2025-12-24,69.83999633789062,71.01599884033203,69.83999633789062,70.88999938964844,70.85120391845703,42400
2025-12-26,70.88999938964844,70.88999938964844,69.87999725341797,70.5,70.46141815185547,73000
2025-12-29,69.12999725341797,69.98500061035156,68.22000122070312,68.91000366210938,68.8722915649414,69000
2025-12-30,68.94000244140625,69.01799774169922,67.76000213623047,67.94000244140625,67.90282440185547,25600
2025-12-31,67.79000091552734,67.81500244140625,65.55000305175781,65.66999816894531,65.63406372070312,93600
2026-01-02,67.80999755859375,69.45999908447266,67.1050033569336,69.20999908447266,69.17212677001953,90200
2026-01-05,70.81999969482422,73.72000122070312,70.5989990234375,72.5199966430664,72.48030853271484,108200
2026-01-06,73.16999816894531,77.55000305175781,73.16999816894531,77.37999725341797,77.33765411376953,107000
2026-01-07,76.61000061035156,76.61000061035156,73.48999786376953,73.77999877929688,73.7396240234375,87500
2026-01-08,73.0999984741211,73.2699966430664,71.66000366210938,72.86000061035156,72.82012939453125,51600
2026-01-09,74.5479965209961,76.22200012207031,72.95999908447266,75.7699966430664,75.72853088378906,56600
2026-01-12,73.87000274658203,75.87000274658203,73.56500244140625,75.62999725341797,75.58860778808594,52900
2026-01-13,75.70999908447266,76.83499908447266,75.25,75.87999725341797,75.83847045898438,47000
2026-01-14,74.66999816894531,75.0999984741211,72.51000213623047,74.63999938964844,74.59915161132812,103900
2026-01-15,76.47000122070312,78.23999786376953,76.12999725341797,76.43000030517578,76.38817596435547,61400
2026-01-16,76.9800033569336,77.19000244140625,75.22000122070312,75.25,75.20882415771484,30500
2026-01-20,70.63999938964844,73.41600036621094,69.03500366210938,69.8499984741211,69.81177520751953,81500
2026-01-21,71.5199966430664,76.19000244140625,71.5199966430664,75.0,74.9589614868164,123100
2026-01-22,77.55000305175781,77.86000061035156,75.38999938964844,75.62000274658203,75.57862091064453,51800
2026-01-23,74.5199966430664,74.5999984741211,72.70999908447266,73.52999877929688,73.48976135253906,56700
2026-01-26,73.4000015258789,74.63999938964844,73.39700317382812,73.51000213623047,73.46977233886719,30100
2026-01-27,74.4800033569336,74.96900177001953,73.73999786376953,74.62000274658203,74.57917022705078,30500
2026-01-28,75.91999816894531,77.41999816894531,75.5,76.18000030517578,76.13831329345703,44300
2026-01-29,77.37000274658203,78.06500244140625,72.01000213623047,76.83000183105469,76.78795623779297,73000
2026-01-30,74.26000213623047,76.02200317382812,70.20999908447266,71.91000366210938,71.87065124511719,89500
2026-02-02,70.6500015258789,75.2300033569336,70.6500015258789,74.31999969482422,74.27932739257812,52900
2026-02-03,75.69000244140625,76.0,68.80999755859375,72.13999938964844,72.10052490234375,108000
2026-02-04,72.23999786376953,73.16999816894531,65.94000244140625,70.02999877929688,69.9916763305664,139100
2026-02-05,67.18000030517578,69.05000305175781,63.76399993896485,65.70999908447266,65.67404174804688,198300
2026-02-06,68.93499755859375,74.86000061035156,68.80999755859375,74.41000366210938,74.3692855834961,119500
2026-02-09,73.77999877929688,77.55999755859375,73.0,76.41999816894531,76.37818145751953,98200
2026-02-10,77.75,78.45999908447266,76.69999694824219,76.69999694824219,76.65802764892578,35800
2026-02-11,79.4800033569336,80.0999984741211,75.0199966430664,77.5,77.45758819580078,84000
2026-02-12,78.63999938964844,80.26000213623047,70.0,71.0999984741211,71.06108856201172,149800
2026-02-13,70.69999694824219,74.36000061035156,68.5199966430664,73.22000122070312,73.179931640625,84400
2026-02-17,72.01000213623047,74.71499633789062,70.80000305175781,73.98999786376953,73.94950866699219,46600
2026-02-18,74.66999816894531,77.80000305175781,74.31400299072266,76.23999786376953,76.19828033447266,53600
2026-02-19,74.06999969482422,74.33999633789062,72.30000305175781,74.33999633789062,74.29931640625,61900
2026-02-20,72.97000122070312,77.36000061035156,72.87000274658203,76.2300033569336,76.18828582763672,96400
2026-02-23,73.83000183105469,74.19999694824219,68.0,69.41999816894531,69.38201141357422,146300
2026-02-24,70.16999816894531,74.10700225830078,69.65499877929688,73.4800033569336,73.4397964477539,68800
2026-02-25,75.66000366210938,77.44000244140625,75.12999725341797,76.88999938964844,76.8479232788086,62200
2026-02-26,76.5999984741211,77.08999633789062,73.04000091552734,76.73999786376953,76.69800567626953,76800
2026-02-27,73.04000091552734,73.72000122070312,71.41999816894531,73.4000015258789,73.35983276367188,83400
2026-03-02,68.27999877929688,72.98999786376953,67.63999938964844,72.69000244140625,72.65022277832031,111700
2026-03-03,66.11000061035156,69.4000015258789,62.06999969482422,68.0199966430664,67.98277282714844,183400
2026-03-04,70.27999877929688,72.5,69.6500015258789,71.66999816894531,71.63077545166016,51900
2026-03-05,71.05000305175781,73.88899993896484,68.0,70.86000061035156,70.82122039794922,76600
2026-03-06,66.4800033569336,67.0,63.762001037597656,64.75,64.71456909179688,151000
2026-03-09,61.68000030517578,68.19999694824219,59.25,67.95999908447266,67.92280578613281,140500
2026-03-10,68.33000183105469,69.77100372314453,65.68699645996094,66.56999969482422,66.5335693359375,75200
2026-03-11,66.7300033569336,68.0,64.81800079345703,66.41000366210938,66.37366485595703,62500
2026-03-12,64.0999984741211,64.64299774169922,61.02999877929688,61.20000076293945,61.16651153564453,83700
2026-03-13,62.619998931884766,64.1500015258789,60.5,60.959999084472656,60.926639556884766,45100
2026-03-16,63.45000076293945,65.0,63.209999084472656,63.720001220703125,63.68513107299805,53100
2026-03-17,66.0,67.18499755859375,65.45999908447266,66.19999694824219,66.16377258300781,60800
2026-03-18,65.0,66.85800170898438,64.0,64.12000274658203,64.08491516113281,52800
2026-03-19,61.5,66.16999816894531,60.5,64.94999694824219,64.9144515991211,69100
2026-03-20,63.86000061035156,63.86000061035156,57.84000015258789,60.0,59.967166900634766,157900
2026-03-23,63.09000015258789,66.55999755859375,62.77999877929688,63.36000061035156,63.3253288269043,121800
2026-03-24,61.91999816894531,64.66600036621094,60.7599983215332,63.959999084472656,63.92499923706055,85600
2026-03-25,65.91999816894531,67.54000091552734,64.47000122070312,65.5,65.46415710449219,82900
2026-03-26,62.79499816894531,64.30999755859375,59.83000183105469,60.09000015258789,60.0571174621582,85200
2026-03-27,58.7400016784668,58.790000915527344,55.685001373291016,56.34999847412109,56.31916046142578,91500
2026-03-30,58.0,58.5,51.91999816894531,53.16999816894531,53.14090347290039,80300
2026-03-31,55.0099983215332,60.040000915527344,54.75,59.7599983215332,59.727294921875,157800
2026-04-01,61.20000076293945,63.34999847412109,61.0,61.63999938964844,61.60626983642578,196400
2026-04-02,57.02999877929688,62.72999954223633,56.0,61.0,60.96661758422852,129600
2026-04-06,61.34000015258789,62.5,60.58000183105469,62.09999847412109,62.066017150878906,57100
2026-04-07,60.86000061035156,62.38999938964844,59.25,62.29999923706055,62.265907287597656,92100
2026-04-08,70.66000366210938,72.28500366210938,68.19999694824219,69.43000030517578,69.39200592041016,128100
2026-04-09,69.01000213623047,69.69000244140625,67.0,69.19999694824219,69.1621322631836,62600
2026-04-10,69.80999755859375,70.11499786376953,68.947998046875,69.4800033569336,69.44197845458984,38300
2026-04-13,68.27999877929688,74.2300033569336,68.0,74.2300033569336,74.18938446044922,95500
2026-04-14,76.0999984741211,77.98999786376953,75.5999984741211,77.63999938964844,77.5975112915039,79400
2026-04-15,78.37000274658203,80.06999969482422,77.44999694824219,80.0,79.95622253417969,64900
2026-04-16,80.77999877929688,82.41000366210938,79.80999755859375,82.19000244140625,82.14502716064453,84500
2026-04-17,85.68000030517578,88.87999725341797,85.3499984741211,86.66999816894531,86.62256622314453,82700
2026-04-20,85.5199966430664,88.44999694824219,85.5199966430664,88.37000274658203,88.32164764404297,74500
2026-04-21,88.94000244140625,91.3499984741211,86.67500305175781,87.62999725341797,87.58204650878906,103800
2026-04-22,91.0999984741211,91.0999984741211,89.16500091552734,90.27999877929688,90.23059844970705,53800
2026-04-23,89.7300033569336,90.52899932861328,84.69000244140625,88.11000061035156,88.06178283691406,82000
2026-04-24,90.44000244140624,92.5,89.06500244140625,92.08999633789062,92.03960418701172,77900
2026-04-27,92.13999938964844,92.55999755859376,88.95999908447266,91.0,90.95020294189452,52400
2026-04-28,87.0,88.41999816894531,83.33000183105469,85.55000305175781,85.50318908691406,109200
2026-04-29,86.91999816894531,86.91999816894531,84.25,86.0,85.95294189453125,39600
2026-04-30,87.2300033569336,91.45099639892578,86.54000091552734,91.11000061035156,91.06014251708984,37900
2026-05-01,91.56999969482422,93.79000091552734,91.38999938964844,93.01000213623048,92.9591064453125,38900
2026-05-04,93.3499984741211,95.625,91.41999816894533,93.0199966430664,92.9690933227539,60900
2026-05-05,95.52999877929688,98.3000030517578,95.04499816894533,97.80999755859376,97.7564697265625,57900
2026-05-06,101.83000183105467,104.5500030517578,99.7490005493164,104.20999908447266,104.15296936035156,64800
2026-05-07,105.25,105.25,98.23999786376952,99.83999633789062,99.78536224365234,58300
2026-05-08,102.18000030517578,105.79000091552734,101.49099731445312,105.69000244140624,105.63216400146484,54200
2026-05-11,106.0,107.8499984741211,105.58999633789062,107.3550033569336,107.29625701904295,54600
2026-05-12,104.16999816894533,104.23999786376952,96.5999984741211,102.8000030517578,102.7437515258789,108600
2026-05-13,104.8000030517578,104.8000030517578,99.38999938964844,102.63999938964844,102.58383178710938,57700
2026-05-14,102.4000015258789,105.56999969482422,102.36000061035156,104.79000091552734,104.73265838623048,48100
2026-05-15,98.29000091552734,99.80999755859376,96.4499969482422,97.66000366210938,97.60655975341795,65600
2026-05-18,98.52999877929688,98.52999877929688,89.1500015258789,92.56999969482422,92.51934051513672,68100
2026-05-19,88.54000091552734,90.91000366210938,85.55000305175781,88.5,88.45156860351562,54800
2026-05-20,91.12000274658205,96.52999877929688,88.83000183105469,96.52999877929688,96.4771728515625,58000
2026-05-21,95.16500091552734,101.73999786376952,94.81999969482422,101.29000091552734,101.2345733642578,33400
2026-05-22,103.5199966430664,107.26000213623048,103.06999969482422,105.68000030517578,105.6221694946289,40600
2026-05-26,111.0,115.44000244140624,110.33899688720705,114.29000091552734,114.22745513916016,47100
2026-05-27,118.31999969482422,118.31999969482422,112.5999984741211,115.12999725341795,115.0669937133789,40200
2026-05-28,114.4800033569336,120.29000091552734,111.5,119.19000244140624,119.1247787475586,37300
2026-05-29,122.66999816894533,124.38500213623048,120.05999755859376,124.0,123.93214416503906,22800
2026-06-01,120.0,126.91000366210938,119.20999908447266,125.01000213623048,124.94158935546876,30300
2026-06-02,127.3499984741211,131.86000061035156,127.3499984741211,131.86000061035156,131.787841796875,36100
2026-06-03,130.3800048828125,130.3800048828125,123.9499969482422,128.88999938964844,128.81947326660156,31700
2026-06-04,122.6999969482422,129.16000366210938,121.88999938964844,128.3000030517578,128.22979736328125,33800
2026-06-05,120.6999969482422,120.6999969482422,104.0,105.9499969482422,105.89202117919922,120800
2026-06-08,112.33999633789062,114.70500183105467,109.19000244140624,111.9499969482422,111.88873291015624,57500
2026-06-09,116.38999938964844,120.70999908447266,96.13999938964844,110.52999877929688,110.46951293945312,116000
2026-06-10,105.02999877929688,111.01000213623048,97.27999877929688,97.27999877929688,97.2267608642578,69300
2026-06-11,100.0500030517578,113.2699966430664,99.38999938964844,113.2699966430664,113.20801544189452,83100
2026-06-12,113.7699966430664,119.05999755859376,111.73500061035156,118.41999816894533,118.35519409179688,68900
2026-06-15,129.4499969482422,132.0,128.96499633789062,129.99000549316406,129.9188690185547,78500
2026-06-16,131.77999877929688,133.3800048828125,123.97000122070312,124.43000030517578,124.36190795898438,47200
2026-06-17,126.98999786376952,131.7449951171875,121.54499816894533,121.81999969482422,121.75333404541016,66800
2026-06-18,129.5399932861328,133.7030029296875,129.5399932861328,131.08999633789062,131.0182647705078,47800
2026-06-22,135.52000427246094,138.11300659179688,133.48199462890625,137.05999755859375,136.98500061035156,46200
2026-06-23,116.06999969482422,125.12000274658205,116.06999969482422,120.23999786376952,120.23999786376952,125800
2026-06-24,121.36000061035156,126.0199966430664,117.7699966430664,121.93000030517578,121.93000030517578,66500
2026-06-25,131.7100067138672,132.69000244140625,123.0500030517578,129.52000427246094,129.52000427246094,62500
2026-06-26,121.5749969482422,123.56500244140624,118.0,118.91000366210938,118.91000366210938,65700
2026-06-29,121.16500091552734,126.12999725341795,114.0,125.91000366210938,125.91000366210938,48300
2026-06-30,126.23999786376952,132.77999877929688,126.23999786376952,131.5500030517578,131.5500030517578,61200
2026-07-01,125.58999633789062,128.2570037841797,122.7699966430664,122.7699966430664,122.7699966430664,37900
2026-07-02,125.22000122070312,127.38999938964844,108.052001953125,112.7699966430664,112.7699966430664,81300
2026-07-06,115.80999755859376,120.4800033569336,115.41500091552734,118.27999877929688,118.27999877929688,47600
2026-07-07,111.20999908447266,111.58000183105467,102.87999725341795,107.62000274658205,107.62000274658205,109900
2026-07-08,103.5199966430664,107.26000213623048,99.66999816894533,106.26000213623048,106.26000213623048,66400
2026-07-09,113.73999786376952,118.5199966430664,113.73999786376952,115.69000244140624,115.69000244140624,63300
2026-07-10,115.02999877929688,117.0,112.5,115.58300018310548,115.58300018310548,36200
2026-07-13,110.5,111.83999633789062,105.0,106.83999633789062,106.83999633789062,58600
2026-07-14,113.54000091552734,113.5999984741211,110.00599670410156,111.29000091552734,111.29000091552734,54600
2026-07-15,113.9000015258789,114.30999755859376,102.31999969482422,109.12000274658205,109.12000274658205,46300
2026-07-16,104.0500030517578,104.48999786376952,98.12999725341795,100.95999908447266,100.95999908447266,43100
2026-07-17,93.37999725341795,100.0199966430664,89.8499984741211,96.75,96.75,75700
2026-07-20,99.30799865722656,99.9000015258789,94.81999969482422,94.91999816894533,94.91999816894533,32400
2026-07-21,101.36000061035156,104.9000015258789,101.3000030517578,104.9000015258789,104.9000015258789,72200
2026-07-22,100.37000274658205,105.43000030517578,100.37000274658205,103.76000213623048,103.76000213623048,44400
2026-07-23,100.22000122070312,103.76499938964844,98.4000015258789,99.70999908447266,99.70999908447266,49000
2026-07-24,99.0199966430664,99.2699966430664,94.33000183105467,96.43000030517578,96.43000030517578,36100
2026-07-27,99.12000274658205,100.73999786376952,90.33000183105467,96.0500030517578,96.0500030517578,59000
2026-07-28,92.0,92.0,84.91300201416016,91.72000122070312,91.72000122070312,84800
2026-07-29,89.83000183105469,90.37000274658205,82.0,82.0,82.0,65200
2026-07-30,86.5,92.4800033569336,86.5,92.1999969482422,92.1999969482422,77900
2026-07-31,97.81999969482422,99.0749969482422,89.58000183105469,92.5199966430664,92.5199966430664,59900
2026-08-03,91.6750030517578,99.5999984741211,90.29000091552734,99.5999984741211,99.5999984741211,39800
2026-08-04,106.5,111.9000015258789,105.23999786376952,111.1999969482422,111.1999969482422,74300
2026-08-05,112.16000366210938,115.12999725341795,109.58000183105467,109.58000183105467,109.58000183105467,47500
2026-08-06,103.4800033569336,108.3000030517578,101.74500274658205,103.0,103.0,46900
2026-08-07,107.12000274658205,109.21399688720705,104.06999969482422,108.16999816894533,108.16999816894533,30500
2026-08-10,107.83000183105467,107.83000183105467,105.23999786376952,105.87000274658205,105.87000274658205,34100
2026-08-11,105.87000274658205,108.23999786376952,105.87000274658205,107.5199966430664,107.5199966430664,18000
2026-08-12,113.5999984741211,114.0,111.0500030517578,113.3499984741211,113.3499984741211,30800
2026-08-13,113.11000061035156,117.5500030517578,113.11000061035156,115.37999725341795,115.37999725341795,39100
2026-08-14,116.0,118.0,114.2300033569336,115.72000122070312,115.72000122070312,48300
2026-08-17,117.37999725341795,118.12999725341795,115.97000122070312,116.11000061035156,116.11000061035156,23700
2026-08-18,108.8000030517578,109.70999908447266,103.61000061035156,104.66999816894533,104.66999816894533,49300
2026-08-19,110.22000122070312,110.66000366210938,106.05999755859376,108.69000244140624,108.69000244140624,39000
2026-08-20,105.25,106.75,102.86000061035156,103.08000183105467,103.08000183105467,41700
2026-08-21,107.3499984741211,108.5,106.4800033569336,108.37999725341795,108.37999725341795,38700
2026-08-24,103.62200164794922,103.68000030517578,99.61499786376952,102.5,102.5,47200
2026-08-25,106.47000122070312,107.08999633789062,104.36000061035156,107.08999633789062,107.08999633789062,35700
2026-08-26,106.8499984741211,109.04000091552734,106.66999816894533,108.66999816894533,108.66999816894533,18200
2026-08-27,111.55999755859376,111.83999633789062,108.0999984741211,110.87999725341795,110.87999725341795,28500
2026-08-28,107.9800033569336,108.75,101.86000061035156,102.7300033569336,102.7300033569336,120000
2026-08-31,101.52999877929688,102.87000274658205,100.86499786376952,102.87000274658205,102.87000274658205,17000
2026-09-01,98.30999755859376,98.88999938964844,94.69000244140624,96.76000213623048,96.76000213623048,103900
2026-09-02,96.1999969482422,99.0999984741211,95.83999633789062,99.0999984741211,99.0999984741211,25700
2026-09-03,98.69000244140624,103.12999725341795,96.36000061035156,103.12999725341795,103.12999725341795,42200
2026-09-04,104.1999969482422,106.84249877929688,104.19499969482422,106.84200286865234,106.84200286865234,30268
2026-09-08,109.1500015258789,111.95999908447266,108.83000183105467,109.47000122070312,109.47000122070312,51550
2026-09-09,108.31999969482422,109.62999725341795,106.18000030517578,106.18000030517578,106.18000030517578,20070
2026-09-10,100.36000061035156,102.97000122070312,99.33000183105467,99.33000183105467,99.33000183105467,38791
2026-09-11,104.3949966430664,106.88999938964844,104.3949966430664,105.81999969482422,105.81999969482422,55489
2026-09-14,93.63200378417967,96.54000091552734,93.27999877929688,95.2300033569336,95.2300033569336,79027
2026-09-15,95.19100189208984,95.19100189208984,92.3000030517578,93.12000274658205,93.12000274658205,20622
2026-09-16,95.97799682617188,96.83999633789062,89.94999694824219,93.37000274658205,93.37000274658205,33941
2026-09-17,100.87000274658205,101.08799743652344,98.88999938964844,100.12000274658205,100.12000274658205,33263
2026-09-18,101.0,103.43000030517578,99.4499969482422,103.0199966430664,103.0199966430664,36905
2026-09-21,108.9499969482422,112.76000213623048,108.0,112.25,112.25,41300
2026-09-22,111.4499969482422,116.31999969482422,113.3718032836914,115.86000061035156,115.86000061035156,38038
2026-09-23,115.22000122070312,113.56999969482422,110.68000030517578,112.3219985961914,112.3219985961914,15841
2026-09-24,107.95999908447266,112.46540069580078,107.34010314941406,111.68499755859376,111.68499755859376,34742
2026-09-25,114.2300033569336,116.45999908447266,112.73999786376952,115.08000183105467,115.08000183105467,45952
2026-09-28,112.0500030517578,112.0427017211914,105.68000030517578,109.08999633789062,109.08999633789062,40255
2026-09-29,113.98999786376952,114.01799774169922,110.27999877929688,112.2770004272461,112.2770004272461,28307
2026-09-30,112.58999633789062,113.2300033569336,109.9499969482422,110.1959991455078,110.1959991455078,30662
2026-10-01,109.49199676513672,115.19319915771484,109.24400329589844,114.55999755859376,114.55999755859376,55436
2026-10-02,118.20999908447266,120.0,118.01000213623048,118.95099639892578,118.95099639892578,24364
2026-10-05,119.23500061035156,121.01000213623048,118.19499969482422,120.40699768066406,120.40699768066406,15900
2026-10-06,123.2699966430664,124.94519805908205,122.86000061035156,123.06999969482422,123.06999969482422,29586
2026-10-07,116.23999786376952,119.54000091552734,115.44180297851562,119.1999969482422,119.1999969482422,33975
2026-10-08,114.95999908447266,116.9000015258789,109.5124969482422,111.98999786376952,111.98999786376952,61585
2026-10-09,115.86000061035156,116.62999725341797,112.20999908447266,116.38999938964844,116.38999938964844,27632
